# 1:iteration	2:time	3:patch	4:level	5:i	6:j	7:k	8:x	9:y	10:z	11:HC
211968	5.7500000000000000e+02	0	0	144	-4	144	0.0000000000000000e+00	-4.1111111111111109e+02	0.0000000000000000e+00	0.0000000000000000e+00
211968	5.7500000000000000e+02	0	0	144	-3	144	0.0000000000000000e+00	-4.0833333333333331e+02	0.0000000000000000e+00	0.0000000000000000e+00
211968	5.7500000000000000e+02	0	0	144	-2	144	0.0000000000000000e+00	-4.0555555555555554e+02	0.0000000000000000e+00	0.0000000000000000e+00
211968	5.7500000000000000e+02	0	0	144	-1	144	0.0000000000000000e+00	-4.0277777777777777e+02	0.0000000000000000e+00	0.0000000000000000e+00
211968	5.7500000000000000e+02	0	0	144	0	144	0.0000000000000000e+00	-4.0000000000000000e+02	0.0000000000000000e+00	7.6617703255054524e-08
211968	5.7500000000000000e+02	0	0	144	1	144	0.0000000000000000e+00	-3.9722222222222223e+02	0.0000000000000000e+00	-2.2960872424453949e-08
211968	5.7500000000000000e+02	0	0	144	2	144	0.0000000000000000e+00	-3.9444444444444446e+02	0.0000000000000000e+00	-1.9547164831546504e-08
211968	5.7500000000000000e+02	0	0	144	3	144	0.0000000000000000e+00	-3.9166666666666669e+02	0.0000000000000000e+00	-2.1663597588977602e-08
211968	5.7500000000000000e+02	0	0	144	4	144	0.0000000000000000e+00	-3.8888888888888891e+02	0.0000000000000000e+00	-2.3242971796562094e-08
211968	5.7500000000000000e+02	0	0	144	5	144	0.0000000000000000e+00	-3.8611111111111109e+02	0.0000000000000000e+00	-3.2231845227831687e-08
211968	5.7500000000000000e+02	0	0	144	6	144	0.0000000000000000e+00	-3.8333333333333331e+02	0.0000000000000000e+00	-2.9806586827712242e-08
211968	5.7500000000000000e+02	0	0	144	7	144	0.0000000000000000e+00	-3.8055555555555554e+02	0.0000000000000000e+00	-1.9237285978609325e-08
211968	5.7500000000000000e+02	0	0	144	8	144	0.0000000000000000e+00	-3.7777777777777777e+02	0.0000000000000000e+00	-9.8403491717968034e-09
211968	5.7500000000000000e+02	0	0	144	9	144	0.0000000000000000e+00	-3.7500000000000000e+02	0.0000000000000000e+00	-5.8215646616715318e-09
211968	5.7500000000000000e+02	0	0	144	10	144	0.0000000000000000e+00	-3.7222222222222223e+02	0.0000000000000000e+00	-7.3751808217464149e-09
211968	5.7500000000000000e+02	0	0	144	11	144	0.0000000000000000e+00	-3.6944444444444446e+02	0.0000000000000000e+00	-1.2472057679098245e-08
211968	5.7500000000000000e+02	0	0	144	12	144	0.0000000000000000e+00	-3.6666666666666669e+02	0.0000000000000000e+00	-1.0430296157630155e-08
211968	5.7500000000000000e+02	0	0	144	13	144	0.0000000000000000e+00	-3.6388888888888891e+02	0.0000000000000000e+00	4.5304726682197771e-09
211968	5.7500000000000000e+02	0	0	144	14	144	0.0000000000000000e+00	-3.6111111111111109e+02	0.0000000000000000e+00	1.0887267107176555e-08
211968	5.7500000000000000e+02	0	0	144	15	144	0.0000000000000000e+00	-3.5833333333333331e+02	0.0000000000000000e+00	-4.9285408092873729e-09
211968	5.7500000000000000e+02	0	0	144	16	144	0.0000000000000000e+00	-3.5555555555555554e+02	0.0000000000000000e+00	-4.5788736350898753e-09
211968	5.7500000000000000e+02	0	0	144	17	144	0.0000000000000000e+00	-3.5277777777777777e+02	0.0000000000000000e+00	3.0049378647412198e-08
211968	5.7500000000000000e+02	0	0	144	18	144	0.0000000000000000e+00	-3.5000000000000000e+02	0.0000000000000000e+00	3.1437183330852480e-08
211968	5.7500000000000000e+02	0	0	144	19	144	0.0000000000000000e+00	-3.4722222222222223e+02	0.0000000000000000e+00	-2.1630676618011100e-08
211968	5.7500000000000000e+02	0	0	144	20	144	0.0000000000000000e+00	-3.4444444444444446e+02	0.0000000000000000e+00	-2.7433985461957467e-08
211968	5.7500000000000000e+02	0	0	144	21	144	0.0000000000000000e+00	-3.4166666666666669e+02	0.0000000000000000e+00	3.0684570358791419e-08
211968	5.7500000000000000e+02	0	0	144	22	144	0.0000000000000000e+00	-3.3888888888888891e+02	0.0000000000000000e+00	2.7075750908571843e-08
211968	5.7500000000000000e+02	0	0	144	23	144	0.0000000000000000e+00	-3.3611111111111109e+02	0.0000000000000000e+00	-3.1447681755446708e-08
211968	5.7500000000000000e+02	0	0	144	24	144	0.0000000000000000e+00	-3.3333333333333337e+02	0.0000000000000000e+00	-1.4037567628862490e-08
211968	5.7500000000000000e+02	0	0	144	25	144	0.0000000000000000e+00	-3.3055555555555554e+02	0.0000000000000000e+00	3.6433128962578194e-08
211968	5.7500000000000000e+02	0	0	144	26	144	0.0000000000000000e+00	-3.2777777777777777e+02	0.0000000000000000e+00	9.4036403902469853e-09
211968	5.7500000000000000e+02	0	0	144	27	144	0.0000000000000000e+00	-3.2500000000000000e+02	0.0000000000000000e+00	-2.5597308877150805e-08
211968	5.7500000000000000e+02	0	0	144	28	144	0.0000000000000000e+00	-3.2222222222222223e+02	0.0000000000000000e+00	-1.2821686144167676e-09
211968	5.7500000000000000e+02	0	0	144	29	144	0.0000000000000000e+00	-3.1944444444444446e+02	0.0000000000000000e+00	1.2932864856430631e-08
211968	5.7500000000000000e+02	0	0	144	30	144	0.0000000000000000e+00	-3.1666666666666669e+02	0.0000000000000000e+00	-3.8020541573463827e-09
211968	5.7500000000000000e+02	0	0	144	31	144	0.0000000000000000e+00	-3.1388888888888891e+02	0.0000000000000000e+00	-6.0591121179806607e-09
211968	5.7500000000000000e+02	0	0	144	32	144	0.0000000000000000e+00	-3.1111111111111109e+02	0.0000000000000000e+00	1.4158178697582261e-09
211968	5.7500000000000000e+02	0	0	144	33	144	0.0000000000000000e+00	-3.0833333333333337e+02	0.0000000000000000e+00	7.4681186892856204e-10
211968	5.7500000000000000e+02	0	0	144	34	144	0.0000000000000000e+00	-3.0555555555555554e+02	0.0000000000000000e+00	-2.3156350716629629e-09
211968	5.7500000000000000e+02	0	0	144	35	144	0.0000000000000000e+00	-3.0277777777777777e+02	0.0000000000000000e+00	-3.5395443842780760e-09
211968	5.7500000000000000e+02	0	0	144	36	144	0.0000000000000000e+00	-3.0000000000000000e+02	0.0000000000000000e+00	-2.3694499823810467e-09
211968	5.7500000000000000e+02	0	0	144	37	144	0.0000000000000000e+00	-2.9722222222222223e+02	0.0000000000000000e+00	-1.6375493177432154e-09
211968	5.7500000000000000e+02	0	0	144	38	144	0.0000000000000000e+00	-2.9444444444444446e+02	0.0000000000000000e+00	-2.1827031307315780e-09
211968	5.7500000000000000e+02	0	0	144	39	144	0.0000000000000000e+00	-2.9166666666666669e+02	0.0000000000000000e+00	-1.1948288081131617e-09
211968	5.7500000000000000e+02	0	0	144	40	144	0.0000000000000000e+00	-2.8888888888888891e+02	0.0000000000000000e+00	-2.0017756218617085e-11
211968	5.7500000000000000e+02	0	0	144	41	144	0.0000000000000000e+00	-2.8611111111111109e+02	0.0000000000000000e+00	3.9681362618008348e-10
211968	5.7500000000000000e+02	0	0	144	42	144	0.0000000000000000e+00	-2.8333333333333337e+02	0.0000000000000000e+00	1.2358715092231470e-09
211968	5.7500000000000000e+02	0	0	144	43	144	0.0000000000000000e+00	-2.8055555555555554e+02	0.0000000000000000e+00	2.3980151771407261e-09
211968	5.7500000000000000e+02	0	0	144	44	144	0.0000000000000000e+00	-2.7777777777777777e+02	0.0000000000000000e+00	2.9937833640384869e-09
211968	5.7500000000000000e+02	0	0	144	45	144	0.0000000000000000e+00	-2.7500000000000000e+02	0.0000000000000000e+00	3.3493492231257249e-09
211968	5.7500000000000000e+02	0	0	144	46	144	0.0000000000000000e+00	-2.7222222222222223e+02	0.0000000000000000e+00	4.1478549816830956e-09
211968	5.7500000000000000e+02	0	0	144	47	144	0.0000000000000000e+00	-2.6944444444444446e+02	0.0000000000000000e+00	4.4309138933826965e-09
211968	5.7500000000000000e+02	0	0	144	48	144	0.0000000000000000e+00	-2.6666666666666669e+02	0.0000000000000000e+00	3.4917202198556303e-09
211968	5.7500000000000000e+02	0	0	144	49	144	0.0000000000000000e+00	-2.6388888888888891e+02	0.0000000000000000e+00	1.7685717354828096e-09
211968	5.7500000000000000e+02	0	0	144	50	144	0.0000000000000000e+00	-2.6111111111111109e+02	0.0000000000000000e+00	-4.0411407764148767e-10
211968	5.7500000000000000e+02	0	0	144	51	144	0.0000000000000000e+00	-2.5833333333333337e+02	0.0000000000000000e+00	-2.7048087273125653e-09
211968	5.7500000000000000e+02	0	0	144	52	144	0.0000000000000000e+00	-2.5555555555555557e+02	0.0000000000000000e+00	-3.5558155283448782e-09
211968	5.7500000000000000e+02	0	0	144	53	144	0.0000000000000000e+00	-2.5277777777777777e+02	0.0000000000000000e+00	-2.5562916197361449e-09
211968	5.7500000000000000e+02	0	0	144	54	144	0.0000000000000000e+00	-2.5000000000000000e+02	0.0000000000000000e+00	-1.1515022675942155e-09
211968	5.7500000000000000e+02	0	0	144	55	144	0.0000000000000000e+00	-2.4722222222222223e+02	0.0000000000000000e+00	-7.7844601441434751e-10
211968	5.7500000000000000e+02	0	0	144	56	144	0.0000000000000000e+00	-2.4444444444444446e+02	0.0000000000000000e+00	-9.7675001303025500e-10
211968	5.7500000000000000e+02	0	0	144	57	144	0.0000000000000000e+00	-2.4166666666666669e+02	0.0000000000000000e+00	-4.2570771125631179e-10
211968	5.7500000000000000e+02	0	0	144	58	144	0.0000000000000000e+00	-2.3888888888888889e+02	0.0000000000000000e+00	-1.0626886637322904e-09
211968	5.7500000000000000e+02	0	0	144	59	144	0.0000000000000000e+00	-2.3611111111111111e+02	0.0000000000000000e+00	-3.7563566753913423e-09
211968	5.7500000000000000e+02	0	0	144	60	144	0.0000000000000000e+00	-2.3333333333333334e+02	0.0000000000000000e+00	4.7515369714200618e-09
211968	5.7500000000000000e+02	0	0	144	61	144	0.0000000000000000e+00	-2.3055555555555557e+02	0.0000000000000000e+00	1.5963436357498533e-08
211968	5.7500000000000000e+02	0	0	144	62	144	0.0000000000000000e+00	-2.2777777777777777e+02	0.0000000000000000e+00	-4.9238017331603874e-09
211968	5.7500000000000000e+02	0	0	144	63	144	0.0000000000000000e+00	-2.2500000000000000e+02	0.0000000000000000e+00	6.3288254312447944e-09
211968	5.7500000000000000e+02	0	0	144	64	144	0.0000000000000000e+00	-2.2222222222222223e+02	0.0000000000000000e+00	-1.3785478843353870e-09
211968	5.7500000000000000e+02	0	0	144	65	144	0.0000000000000000e+00	-2.1944444444444446e+02	0.0000000000000000e+00	2.0030617564429953e-08
211968	5.7500000000000000e+02	0	0	144	66	144	0.0000000000000000e+00	-2.1666666666666669e+02	0.0000000000000000e+00	8.3961580606284167e-09
211968	5.7500000000000000e+02	0	0	144	67	144	0.0000000000000000e+00	-2.1388888888888889e+02	0.0000000000000000e+00	5.9507824633847856e-09
211968	5.7500000000000000e+02	0	0	144	68	144	0.0000000000000000e+00	-2.1111111111111111e+02	0.0000000000000000e+00	-2.0279608103420246e-08
211968	5.7500000000000000e+02	0	0	144	69	144	0.0000000000000000e+00	-2.0833333333333334e+02	0.0000000000000000e+00	-1.5846180852195930e-08
211968	5.7500000000000000e+02	0	0	144	70	144	0.0000000000000000e+00	-2.0555555555555557e+02	0.0000000000000000e+00	1.7663466577253859e-09
211968	5.7500000000000000e+02	0	0	144	71	144	0.0000000000000000e+00	-2.0277777777777777e+02	0.0000000000000000e+00	1.4040748339806044e-08
211968	5.7500000000000000e+02	0	0	144	72	144	0.0000000000000000e+00	-2.0000000000000000e+02	0.0000000000000000e+00	3.7591566664882733e-09
211968	5.7500000000000000e+02	0	0	144	73	144	0.0000000000000000e+00	-1.9722222222222223e+02	0.0000000000000000e+00	-3.3661638425131236e-09
211968	5.7500000000000000e+02	0	0	144	74	144	0.0000000000000000e+00	-1.9444444444444446e+02	0.0000000000000000e+00	-9.2583190141977909e-10
211968	5.7500000000000000e+02	0	0	144	75	144	0.0000000000000000e+00	-1.9166666666666669e+02	0.0000000000000000e+00	4.4807472917044061e-09
211968	5.7500000000000000e+02	0	0	144	76	144	0.0000000000000000e+00	-1.8888888888888889e+02	0.0000000000000000e+00	1.1676549734032774e-08
211968	5.7500000000000000e+02	0	0	144	77	144	0.0000000000000000e+00	-1.8611111111111111e+02	0.0000000000000000e+00	-2.0839255541240829e-08
211968	5.7500000000000000e+02	0	0	144	78	144	0.0000000000000000e+00	-1.8333333333333334e+02	0.0000000000000000e+00	-2.5470621596985246e-08
211968	5.7500000000000000e+02	0	0	144	79	144	0.0000000000000000e+00	-1.8055555555555557e+02	0.0000000000000000e+00	1.1719544199472976e-07
211968	5.7500000000000000e+02	0	0	144	80	144	0.0000000000000000e+00	-1.7777777777777777e+02	0.0000000000000000e+00	-1.0410892452430442e-07
211968	5.7500000000000000e+02	0	0	144	81	144	0.0000000000000000e+00	-1.7500000000000000e+02	0.0000000000000000e+00	-5.9739689215632236e-08
211968	5.7500000000000000e+02	0	0	144	82	144	0.0000000000000000e+00	-1.7222222222222223e+02	0.0000000000000000e+00	2.7746848003140984e-07
211968	5.7500000000000000e+02	0	0	144	83	144	0.0000000000000000e+00	-1.6944444444444446e+02	0.0000000000000000e+00	-3.1322452971096892e-07
211968	5.7500000000000000e+02	0	0	144	84	144	0.0000000000000000e+00	-1.6666666666666669e+02	0.0000000000000000e+00	1.3034011867312966e-07
211968	5.7500000000000000e+02	0	0	144	85	144	0.0000000000000000e+00	-1.6388888888888889e+02	0.0000000000000000e+00	1.2906108252005586e-07
211968	5.7500000000000000e+02	0	0	144	86	144	0.0000000000000000e+00	-1.6111111111111111e+02	0.0000000000000000e+00	-2.4712719072378699e-07
211968	5.7500000000000000e+02	0	0	144	87	144	0.0000000000000000e+00	-1.5833333333333334e+02	0.0000000000000000e+00	2.7512858609910445e-07
211968	5.7500000000000000e+02	0	0	144	88	144	0.0000000000000000e+00	-1.5555555555555557e+02	0.0000000000000000e+00	-2.0722270257141579e-07
211968	5.7500000000000000e+02	0	0	144	89	144	0.0000000000000000e+00	-1.5277777777777780e+02	0.0000000000000000e+00	1.4437960831222032e-07
211968	5.7500000000000000e+02	0	0	144	90	144	0.0000000000000000e+00	-1.5000000000000000e+02	0.0000000000000000e+00	-4.6974309256159959e-08
211968	5.7500000000000000e+02	0	0	144	91	144	0.0000000000000000e+00	-1.4722222222222223e+02	0.0000000000000000e+00	1.4043483868209301e-08
211968	5.7500000000000000e+02	0	0	144	92	144	0.0000000000000000e+00	-1.4444444444444446e+02	0.0000000000000000e+00	5.2194592356792228e-08
211968	5.7500000000000000e+02	0	0	144	93	144	0.0000000000000000e+00	-1.4166666666666669e+02	0.0000000000000000e+00	-1.9585110966388401e-09
211968	5.7500000000000000e+02	0	0	144	94	144	0.0000000000000000e+00	-1.3888888888888891e+02	0.0000000000000000e+00	3.8744509486683366e-08
211968	5.7500000000000000e+02	0	0	144	95	144	0.0000000000000000e+00	-1.3611111111111114e+02	0.0000000000000000e+00	-1.4692802591152977e-09
211968	5.7500000000000000e+02	0	0	144	96	144	0.0000000000000000e+00	-1.3333333333333337e+02	0.0000000000000000e+00	1.1912617686269912e-07
211968	5.7500000000000000e+02	0	0	144	97	144	0.0000000000000000e+00	-1.3055555555555554e+02	0.0000000000000000e+00	-1.3620575848107300e-08
211968	5.7500000000000000e+02	0	0	144	98	144	0.0000000000000000e+00	-1.2777777777777777e+02	0.0000000000000000e+00	9.3483111359745239e-08
211968	5.7500000000000000e+02	0	0	144	99	144	0.0000000000000000e+00	-1.2500000000000000e+02	0.0000000000000000e+00	-1.1075685863082832e-07
211968	5.7500000000000000e+02	0	0	144	100	144	0.0000000000000000e+00	-1.2222222222222223e+02	0.0000000000000000e+00	3.8741754910801805e-07
211968	5.7500000000000000e+02	0	0	144	101	144	0.0000000000000000e+00	-1.1944444444444446e+02	0.0000000000000000e+00	-3.0138258809598597e-07
211968	5.7500000000000000e+02	0	0	144	102	144	0.0000000000000000e+00	-1.1666666666666669e+02	0.0000000000000000e+00	3.1002734730294132e-07
211968	5.7500000000000000e+02	0	0	144	103	144	0.0000000000000000e+00	-1.1388888888888891e+02	0.0000000000000000e+00	-9.5836513778144466e-09
211968	5.7500000000000000e+02	0	0	144	104	144	0.0000000000000000e+00	-1.1111111111111114e+02	0.0000000000000000e+00	-1.2204918748425909e-07
211968	5.7500000000000000e+02	0	0	144	105	144	0.0000000000000000e+00	-1.0833333333333337e+02	0.0000000000000000e+00	2.2825479607123060e-07
211968	5.7500000000000000e+02	0	0	144	106	144	0.0000000000000000e+00	-1.0555555555555554e+02	0.0000000000000000e+00	-1.7185269559189487e-07
211968	5.7500000000000000e+02	0	0	144	107	144	0.0000000000000000e+00	-1.0277777777777777e+02	0.0000000000000000e+00	4.1550503931122312e-08
211968	5.7500000000000000e+02	0	0	144	108	144	0.0000000000000000e+00	-1.0000000000000000e+02	0.0000000000000000e+00	1.1725431082875453e-07
211968	5.7500000000000000e+02	0	0	144	109	144	0.0000000000000000e+00	-9.7222222222222229e+01	0.0000000000000000e+00	-8.9703372197578686e-08
211968	5.7500000000000000e+02	0	0	144	110	144	0.0000000000000000e+00	-9.4444444444444457e+01	0.0000000000000000e+00	1.7882499769939476e-07
211968	5.7500000000000000e+02	0	0	144	111	144	0.0000000000000000e+00	-9.1666666666666686e+01	0.0000000000000000e+00	-1.1783336660655931e-07
211968	5.7500000000000000e+02	0	0	144	112	144	0.0000000000000000e+00	-8.8888888888888914e+01	0.0000000000000000e+00	-3.0043241088323448e-08
211968	5.7500000000000000e+02	0	0	144	113	144	0.0000000000000000e+00	-8.6111111111111143e+01	0.0000000000000000e+00	2.5707355111571574e-08
211968	5.7500000000000000e+02	0	0	144	114	144	0.0000000000000000e+00	-8.3333333333333371e+01	0.0000000000000000e+00	-4.1508431763763235e-08
211968	5.7500000000000000e+02	0	0	144	115	144	0.0000000000000000e+00	-8.0555555555555543e+01	0.0000000000000000e+00	5.4020270588808855e-08
211968	5.7500000000000000e+02	0	0	144	116	144	0.0000000000000000e+00	-7.7777777777777771e+01	0.0000000000000000e+00	-1.2545534890051377e-08
211968	5.7500000000000000e+02	0	0	144	117	144	0.0000000000000000e+00	-7.5000000000000000e+01	0.0000000000000000e+00	-8.6715266107528528e-09
211968	5.7500000000000000e+02	0	0	144	118	144	0.0000000000000000e+00	-7.2222222222222229e+01	0.0000000000000000e+00	1.6517212427156224e-08
211968	5.7500000000000000e+02	0	0	144	119	144	0.0000000000000000e+00	-6.9444444444444457e+01	0.0000000000000000e+00	7.6020579151959525e-09
211968	5.7500000000000000e+02	0	0	144	120	144	0.0000000000000000e+00	-6.6666666666666686e+01	0.0000000000000000e+00	1.1607773893195814e-08
211968	5.7500000000000000e+02	0	0	144	121	144	0.0000000000000000e+00	-6.3888888888888914e+01	0.0000000000000000e+00	4.1076583805204414e-10
211968	5.7500000000000000e+02	0	0	144	122	144	0.0000000000000000e+00	-6.1111111111111143e+01	0.0000000000000000e+00	-1.3952283088317575e-08
211968	5.7500000000000000e+02	0	0	144	123	144	0.0000000000000000e+00	-5.8333333333333371e+01	0.0000000000000000e+00	2.9461405530501316e-08
211968	5.7500000000000000e+02	0	0	144	124	144	0.0000000000000000e+00	-5.5555555555555543e+01	0.0000000000000000e+00	3.4716834123995359e-08
211968	5.7500000000000000e+02	0	0	144	125	144	0.0000000000000000e+00	-5.2777777777777771e+01	0.0000000000000000e+00	-9.4178451059242830e-09
211968	5.7500000000000000e+02	0	0	144	126	144	0.0000000000000000e+00	-5.0000000000000000e+01	0.0000000000000000e+00	-1.8624687191918875e-08
211968	5.7500000000000000e+02	0	0	144	127	144	0.0000000000000000e+00	-4.7222222222222229e+01	0.0000000000000000e+00	2.6472673342742383e-08
211968	5.7500000000000000e+02	0	0	144	128	144	0.0000000000000000e+00	-4.4444444444444457e+01	0.0000000000000000e+00	-3.0538856090066514e-09
211968	5.7500000000000000e+02	0	0	144	129	144	0.0000000000000000e+00	-4.1666666666666686e+01	0.0000000000000000e+00	6.5294407855998758e-09
211968	5.7500000000000000e+02	0	0	144	130	144	0.0000000000000000e+00	-3.8888888888888914e+01	0.0000000000000000e+00	-1.7754207089485952e-08
211968	5.7500000000000000e+02	0	0	144	131	144	0.0000000000000000e+00	-3.6111111111111143e+01	0.0000000000000000e+00	3.9387075453321063e-08
211968	5.7500000000000000e+02	0	0	144	132	144	0.0000000000000000e+00	-3.3333333333333371e+01	0.0000000000000000e+00	3.5909007812923704e-08
211968	5.7500000000000000e+02	0	0	144	133	144	0.0000000000000000e+00	-3.0555555555555543e+01	0.0000000000000000e+00	6.0359857779728335e-08
211968	5.7500000000000000e+02	0	0	144	134	144	0.0000000000000000e+00	-2.7777777777777771e+01	0.0000000000000000e+00	8.8364968308210183e-08
211968	5.7500000000000000e+02	0	0	144	135	144	0.0000000000000000e+00	-2.5000000000000000e+01	0.0000000000000000e+00	1.6559795935553955e-07
211968	5.7500000000000000e+02	0	0	144	136	144	0.0000000000000000e+00	-2.2222222222222229e+01	0.0000000000000000e+00	3.4428184911085707e-07
211968	5.7500000000000000e+02	0	0	144	137	144	0.0000000000000000e+00	-1.9444444444444457e+01	0.0000000000000000e+00	1.0333735397718151e-06
211968	5.7500000000000000e+02	0	0	144	138	144	0.0000000000000000e+00	-1.6666666666666686e+01	0.0000000000000000e+00	5.0573213180180463e-06
211968	5.7500000000000000e+02	0	0	144	139	144	0.0000000000000000e+00	-1.3888888888888914e+01	0.0000000000000000e+00	3.9198247853487320e-05
211968	5.7500000000000000e+02	0	0	144	140	144	0.0000000000000000e+00	-1.1111111111111143e+01	0.0000000000000000e+00	-3.0691189576994161e-04
211968	5.7500000000000000e+02	0	0	144	141	144	0.0000000000000000e+00	-8.3333333333333712e+00	0.0000000000000000e+00	-6.1815279535884296e-03
211968	5.7500000000000000e+02	0	0	144	142	144	0.0000000000000000e+00	-5.5555555555555429e+00	0.0000000000000000e+00	5.1453723297110864e-02
211968	5.7500000000000000e+02	0	0	144	143	144	0.0000000000000000e+00	-2.7777777777777715e+00	0.0000000000000000e+00	-1.0679303584331099e+00
211968	5.7500000000000000e+02	0	0	144	144	144	0.0000000000000000e+00	0.0000000000000000e+00	0.0000000000000000e+00	1.7229056223858991e-01
211968	5.7500000000000000e+02	0	0	144	145	144	0.0000000000000000e+00	2.7777777777777715e+00	0.0000000000000000e+00	-1.0679303613201663e+00
211968	5.7500000000000000e+02	0	0	144	146	144	0.0000000000000000e+00	5.5555555555555429e+00	0.0000000000000000e+00	5.1453721798620643e-02
211968	5.7500000000000000e+02	0	0	144	147	144	0.0000000000000000e+00	8.3333333333333144e+00	0.0000000000000000e+00	-6.1815276661786921e-03
211968	5.7500000000000000e+02	0	0	144	148	144	0.0000000000000000e+00	1.1111111111111086e+01	0.0000000000000000e+00	-3.0691190484980938e-04
211968	5.7500000000000000e+02	0	0	144	149	144	0.0000000000000000e+00	1.3888888888888857e+01	0.0000000000000000e+00	3.9198245258994835e-05
211968	5.7500000000000000e+02	0	0	144	150	144	0.0000000000000000e+00	1.6666666666666629e+01	0.0000000000000000e+00	5.0573209201401733e-06
211968	5.7500000000000000e+02	0	0	144	151	144	0.0000000000000000e+00	1.9444444444444457e+01	0.0000000000000000e+00	1.0333735072617208e-06
211968	5.7500000000000000e+02	0	0	144	152	144	0.0000000000000000e+00	2.2222222222222229e+01	0.0000000000000000e+00	3.4428169001555968e-07
211968	5.7500000000000000e+02	0	0	144	153	144	0.0000000000000000e+00	2.5000000000000000e+01	0.0000000000000000e+00	1.6559794688122493e-07
211968	5.7500000000000000e+02	0	0	144	154	144	0.0000000000000000e+00	2.7777777777777771e+01	0.0000000000000000e+00	8.8364958614183660e-08
211968	5.7500000000000000e+02	0	0	144	155	144	0.0000000000000000e+00	3.0555555555555543e+01	0.0000000000000000e+00	6.0359630905466270e-08
211968	5.7500000000000000e+02	0	0	144	156	144	0.0000000000000000e+00	3.3333333333333314e+01	0.0000000000000000e+00	3.5909256043735510e-08
211968	5.7500000000000000e+02	0	0	144	157	144	0.0000000000000000e+00	3.6111111111111086e+01	0.0000000000000000e+00	3.9387274354551920e-08
211968	5.7500000000000000e+02	0	0	144	158	144	0.0000000000000000e+00	3.8888888888888857e+01	0.0000000000000000e+00	-1.7754177778669227e-08
211968	5.7500000000000000e+02	0	0	144	159	144	0.0000000000000000e+00	4.1666666666666629e+01	0.0000000000000000e+00	6.5296349785626845e-09
211968	5.7500000000000000e+02	0	0	144	160	144	0.0000000000000000e+00	4.4444444444444457e+01	0.0000000000000000e+00	-3.0541751462560925e-09
211968	5.7500000000000000e+02	0	0	144	161	144	0.0000000000000000e+00	4.7222222222222229e+01	0.0000000000000000e+00	2.6472261643969653e-08
211968	5.7500000000000000e+02	0	0	144	162	144	0.0000000000000000e+00	5.0000000000000000e+01	0.0000000000000000e+00	-1.8624477249490413e-08
211968	5.7500000000000000e+02	0	0	144	163	144	0.0000000000000000e+00	5.2777777777777771e+01	0.0000000000000000e+00	-9.4178006513657535e-09
211968	5.7500000000000000e+02	0	0	144	164	144	0.0000000000000000e+00	5.5555555555555543e+01	0.0000000000000000e+00	3.4717009705883812e-08
211968	5.7500000000000000e+02	0	0	144	165	144	0.0000000000000000e+00	5.8333333333333314e+01	0.0000000000000000e+00	2.9461522366371746e-08
211968	5.7500000000000000e+02	0	0	144	166	144	0.0000000000000000e+00	6.1111111111111086e+01	0.0000000000000000e+00	-1.3952380367505813e-08
211968	5.7500000000000000e+02	0	0	144	167	144	0.0000000000000000e+00	6.3888888888888857e+01	0.0000000000000000e+00	4.1063704977756331e-10
211968	5.7500000000000000e+02	0	0	144	168	144	0.0000000000000000e+00	6.6666666666666629e+01	0.0000000000000000e+00	1.1607789014819924e-08
211968	5.7500000000000000e+02	0	0	144	169	144	0.0000000000000000e+00	6.9444444444444400e+01	0.0000000000000000e+00	7.6019305441053995e-09
211968	5.7500000000000000e+02	0	0	144	170	144	0.0000000000000000e+00	7.2222222222222229e+01	0.0000000000000000e+00	1.6517480268442862e-08
211968	5.7500000000000000e+02	0	0	144	171	144	0.0000000000000000e+00	7.5000000000000000e+01	0.0000000000000000e+00	-8.6714599058725106e-09
211968	5.7500000000000000e+02	0	0	144	172	144	0.0000000000000000e+00	7.7777777777777771e+01	0.0000000000000000e+00	-1.2545746359264168e-08
211968	5.7500000000000000e+02	0	0	144	173	144	0.0000000000000000e+00	8.0555555555555543e+01	0.0000000000000000e+00	5.4020253797260240e-08
211968	5.7500000000000000e+02	0	0	144	174	144	0.0000000000000000e+00	8.3333333333333314e+01	0.0000000000000000e+00	-4.1508508628043914e-08
211968	5.7500000000000000e+02	0	0	144	175	144	0.0000000000000000e+00	8.6111111111111086e+01	0.0000000000000000e+00	2.5707777170016664e-08
211968	5.7500000000000000e+02	0	0	144	176	144	0.0000000000000000e+00	8.8888888888888857e+01	0.0000000000000000e+00	-3.0043410695995463e-08
211968	5.7500000000000000e+02	0	0	144	177	144	0.0000000000000000e+00	9.1666666666666629e+01	0.0000000000000000e+00	-1.1783421169420202e-07
211968	5.7500000000000000e+02	0	0	144	178	144	0.0000000000000000e+00	9.4444444444444400e+01	0.0000000000000000e+00	1.7882635954395979e-07
211968	5.7500000000000000e+02	0	0	144	179	144	0.0000000000000000e+00	9.7222222222222229e+01	0.0000000000000000e+00	-8.9703742256449162e-08
211968	5.7500000000000000e+02	0	0	144	180	144	0.0000000000000000e+00	1.0000000000000000e+02	0.0000000000000000e+00	1.1725370517420429e-07
211968	5.7500000000000000e+02	0	0	144	181	144	0.0000000000000000e+00	1.0277777777777777e+02	0.0000000000000000e+00	4.1551584295472614e-08
211968	5.7500000000000000e+02	0	0	144	182	144	0.0000000000000000e+00	1.0555555555555554e+02	0.0000000000000000e+00	-1.7185569123833000e-07
211968	5.7500000000000000e+02	0	0	144	183	144	0.0000000000000000e+00	1.0833333333333331e+02	0.0000000000000000e+00	2.2825953574345682e-07
211968	5.7500000000000000e+02	0	0	144	184	144	0.0000000000000000e+00	1.1111111111111109e+02	0.0000000000000000e+00	-1.2205262870723311e-07
211968	5.7500000000000000e+02	0	0	144	185	144	0.0000000000000000e+00	1.1388888888888891e+02	0.0000000000000000e+00	-9.5822191662927703e-09
211968	5.7500000000000000e+02	0	0	144	186	144	0.0000000000000000e+00	1.1666666666666663e+02	0.0000000000000000e+00	3.1002715190975517e-07
211968	5.7500000000000000e+02	0	0	144	187	144	0.0000000000000000e+00	1.1944444444444446e+02	0.0000000000000000e+00	-3.0138396902459182e-07
211968	5.7500000000000000e+02	0	0	144	188	144	0.0000000000000000e+00	1.2222222222222217e+02	0.0000000000000000e+00	3.8742007288335320e-07
211968	5.7500000000000000e+02	0	0	144	189	144	0.0000000000000000e+00	1.2500000000000000e+02	0.0000000000000000e+00	-1.1075971819346557e-07
211968	5.7500000000000000e+02	0	0	144	190	144	0.0000000000000000e+00	1.2777777777777771e+02	0.0000000000000000e+00	9.3485118784015917e-08
211968	5.7500000000000000e+02	0	0	144	191	144	0.0000000000000000e+00	1.3055555555555554e+02	0.0000000000000000e+00	-1.3621228908370772e-08
211968	5.7500000000000000e+02	0	0	144	192	144	0.0000000000000000e+00	1.3333333333333326e+02	0.0000000000000000e+00	1.1912622410589808e-07
211968	5.7500000000000000e+02	0	0	144	193	144	0.0000000000000000e+00	1.3611111111111109e+02	0.0000000000000000e+00	-1.4690837131174748e-09
211968	5.7500000000000000e+02	0	0	144	194	144	0.0000000000000000e+00	1.3888888888888891e+02	0.0000000000000000e+00	3.8744220236211678e-08
211968	5.7500000000000000e+02	0	0	144	195	144	0.0000000000000000e+00	1.4166666666666663e+02	0.0000000000000000e+00	-1.9583964071255032e-09
211968	5.7500000000000000e+02	0	0	144	196	144	0.0000000000000000e+00	1.4444444444444446e+02	0.0000000000000000e+00	5.2194858598536774e-08
211968	5.7500000000000000e+02	0	0	144	197	144	0.0000000000000000e+00	1.4722222222222217e+02	0.0000000000000000e+00	1.4043222721270197e-08
211968	5.7500000000000000e+02	0	0	144	198	144	0.0000000000000000e+00	1.5000000000000000e+02	0.0000000000000000e+00	-4.6974357935401975e-08
211968	5.7500000000000000e+02	0	0	144	199	144	0.0000000000000000e+00	1.5277777777777771e+02	0.0000000000000000e+00	1.4437967695637785e-07
211968	5.7500000000000000e+02	0	0	144	200	144	0.0000000000000000e+00	1.5555555555555554e+02	0.0000000000000000e+00	-2.0722264987514962e-07
211968	5.7500000000000000e+02	0	0	144	201	144	0.0000000000000000e+00	1.5833333333333326e+02	0.0000000000000000e+00	2.7512880303169396e-07
211968	5.7500000000000000e+02	0	0	144	202	144	0.0000000000000000e+00	1.6111111111111109e+02	0.0000000000000000e+00	-2.4712748992272340e-07
211968	5.7500000000000000e+02	0	0	144	203	144	0.0000000000000000e+00	1.6388888888888891e+02	0.0000000000000000e+00	1.2906102997124712e-07
211968	5.7500000000000000e+02	0	0	144	204	144	0.0000000000000000e+00	1.6666666666666663e+02	0.0000000000000000e+00	1.3034036590856938e-07
211968	5.7500000000000000e+02	0	0	144	205	144	0.0000000000000000e+00	1.6944444444444446e+02	0.0000000000000000e+00	-3.1322475547475311e-07
211968	5.7500000000000000e+02	0	0	144	206	144	0.0000000000000000e+00	1.7222222222222217e+02	0.0000000000000000e+00	2.7746858609602216e-07
211968	5.7500000000000000e+02	0	0	144	207	144	0.0000000000000000e+00	1.7500000000000000e+02	0.0000000000000000e+00	-5.9739755771932269e-08
211968	5.7500000000000000e+02	0	0	144	208	144	0.0000000000000000e+00	1.7777777777777771e+02	0.0000000000000000e+00	-1.0410887850768353e-07
211968	5.7500000000000000e+02	0	0	144	209	144	0.0000000000000000e+00	1.8055555555555554e+02	0.0000000000000000e+00	1.1719543721958208e-07
211968	5.7500000000000000e+02	0	0	144	210	144	0.0000000000000000e+00	1.8333333333333326e+02	0.0000000000000000e+00	-2.5470629531367860e-08
211968	5.7500000000000000e+02	0	0	144	211	144	0.0000000000000000e+00	1.8611111111111109e+02	0.0000000000000000e+00	-2.0839238739738062e-08
211968	5.7500000000000000e+02	0	0	144	212	144	0.0000000000000000e+00	1.8888888888888891e+02	0.0000000000000000e+00	1.1676544695311510e-08
211968	5.7500000000000000e+02	0	0	144	213	144	0.0000000000000000e+00	1.9166666666666663e+02	0.0000000000000000e+00	4.4807334312755359e-09
211968	5.7500000000000000e+02	0	0	144	214	144	0.0000000000000000e+00	1.9444444444444446e+02	0.0000000000000000e+00	-9.2580527349979264e-10
211968	5.7500000000000000e+02	0	0	144	215	144	0.0000000000000000e+00	1.9722222222222217e+02	0.0000000000000000e+00	-3.3661819414464606e-09
211968	5.7500000000000000e+02	0	0	144	216	144	0.0000000000000000e+00	2.0000000000000000e+02	0.0000000000000000e+00	3.7591381360240583e-09
211968	5.7500000000000000e+02	0	0	144	217	144	0.0000000000000000e+00	2.0277777777777771e+02	0.0000000000000000e+00	1.4040814410502625e-08
211968	5.7500000000000000e+02	0	0	144	218	144	0.0000000000000000e+00	2.0555555555555554e+02	0.0000000000000000e+00	1.7662656599581606e-09
211968	5.7500000000000000e+02	0	0	144	219	144	0.0000000000000000e+00	2.0833333333333326e+02	0.0000000000000000e+00	-1.5846129302080943e-08
211968	5.7500000000000000e+02	0	0	144	220	144	0.0000000000000000e+00	2.1111111111111109e+02	0.0000000000000000e+00	-2.0279629768118677e-08
211968	5.7500000000000000e+02	0	0	144	221	144	0.0000000000000000e+00	2.1388888888888891e+02	0.0000000000000000e+00	5.9508159117294822e-09
211968	5.7500000000000000e+02	0	0	144	222	144	0.0000000000000000e+00	2.1666666666666663e+02	0.0000000000000000e+00	8.3960858438262494e-09
211968	5.7500000000000000e+02	0	0	144	223	144	0.0000000000000000e+00	2.1944444444444446e+02	0.0000000000000000e+00	2.0030701225369451e-08
211968	5.7500000000000000e+02	0	0	144	224	144	0.0000000000000000e+00	2.2222222222222217e+02	0.0000000000000000e+00	-1.3786134186865441e-09
211968	5.7500000000000000e+02	0	0	144	225	144	0.0000000000000000e+00	2.2500000000000000e+02	0.0000000000000000e+00	6.3288127395081162e-09
211968	5.7500000000000000e+02	0	0	144	226	144	0.0000000000000000e+00	2.2777777777777771e+02	0.0000000000000000e+00	-4.9237368873994217e-09
211968	5.7500000000000000e+02	0	0	144	227	144	0.0000000000000000e+00	2.3055555555555554e+02	0.0000000000000000e+00	1.5963448795022649e-08
211968	5.7500000000000000e+02	0	0	144	228	144	0.0000000000000000e+00	2.3333333333333326e+02	0.0000000000000000e+00	4.7514436062706021e-09
211968	5.7500000000000000e+02	0	0	144	229	144	0.0000000000000000e+00	2.3611111111111109e+02	0.0000000000000000e+00	-3.7562953347580380e-09
211968	5.7500000000000000e+02	0	0	144	230	144	0.0000000000000000e+00	2.3888888888888891e+02	0.0000000000000000e+00	-1.0626517254805239e-09
211968	5.7500000000000000e+02	0	0	144	231	144	0.0000000000000000e+00	2.4166666666666663e+02	0.0000000000000000e+00	-4.2577908502154936e-10
211968	5.7500000000000000e+02	0	0	144	232	144	0.0000000000000000e+00	2.4444444444444446e+02	0.0000000000000000e+00	-9.7673643794895433e-10
211968	5.7500000000000000e+02	0	0	144	233	144	0.0000000000000000e+00	2.4722222222222217e+02	0.0000000000000000e+00	-7.7841048096520239e-10
211968	5.7500000000000000e+02	0	0	144	234	144	0.0000000000000000e+00	2.5000000000000000e+02	0.0000000000000000e+00	-1.1515197082962217e-09
211968	5.7500000000000000e+02	0	0	144	235	144	0.0000000000000000e+00	2.5277777777777771e+02	0.0000000000000000e+00	-2.5563039609985578e-09
211968	5.7500000000000000e+02	0	0	144	236	144	0.0000000000000000e+00	2.5555555555555554e+02	0.0000000000000000e+00	-3.5558037185507387e-09
211968	5.7500000000000000e+02	0	0	144	237	144	0.0000000000000000e+00	2.5833333333333326e+02	0.0000000000000000e+00	-2.7048059967371859e-09
211968	5.7500000000000000e+02	0	0	144	238	144	0.0000000000000000e+00	2.6111111111111109e+02	0.0000000000000000e+00	-4.0411906230832892e-10
211968	5.7500000000000000e+02	0	0	144	239	144	0.0000000000000000e+00	2.6388888888888891e+02	0.0000000000000000e+00	1.7685717402732171e-09
211968	5.7500000000000000e+02	0	0	144	240	144	0.0000000000000000e+00	2.6666666666666663e+02	0.0000000000000000e+00	3.4917209449924193e-09
211968	5.7500000000000000e+02	0	0	144	241	144	0.0000000000000000e+00	2.6944444444444446e+02	0.0000000000000000e+00	4.4309141005562393e-09
211968	5.7500000000000000e+02	0	0	144	242	144	0.0000000000000000e+00	2.7222222222222217e+02	0.0000000000000000e+00	4.1478545442220790e-09
211968	5.7500000000000000e+02	0	0	144	243	144	0.0000000000000000e+00	2.7500000000000000e+02	0.0000000000000000e+00	3.3493489408348395e-09
211968	5.7500000000000000e+02	0	0	144	244	144	0.0000000000000000e+00	2.7777777777777771e+02	0.0000000000000000e+00	2.9937838988550645e-09
211968	5.7500000000000000e+02	0	0	144	245	144	0.0000000000000000e+00	2.8055555555555554e+02	0.0000000000000000e+00	2.3980153475807392e-09
211968	5.7500000000000000e+02	0	0	144	246	144	0.0000000000000000e+00	2.8333333333333326e+02	0.0000000000000000e+00	1.2358710777207219e-09
211968	5.7500000000000000e+02	0	0	144	247	144	0.0000000000000000e+00	2.8611111111111109e+02	0.0000000000000000e+00	3.9681323934802643e-10
211968	5.7500000000000000e+02	0	0	144	248	144	0.0000000000000000e+00	2.8888888888888891e+02	0.0000000000000000e+00	-2.0018097616451704e-11
211968	5.7500000000000000e+02	0	0	144	249	144	0.0000000000000000e+00	2.9166666666666663e+02	0.0000000000000000e+00	-1.1948278346080817e-09
211968	5.7500000000000000e+02	0	0	144	250	144	0.0000000000000000e+00	2.9444444444444446e+02	0.0000000000000000e+00	-2.1827028933090266e-09
211968	5.7500000000000000e+02	0	0	144	251	144	0.0000000000000000e+00	2.9722222222222217e+02	0.0000000000000000e+00	-1.6375495715553212e-09
211968	5.7500000000000000e+02	0	0	144	252	144	0.0000000000000000e+00	3.0000000000000000e+02	0.0000000000000000e+00	-2.3694502938633497e-09
211968	5.7500000000000000e+02	0	0	144	253	144	0.0000000000000000e+00	3.0277777777777771e+02	0.0000000000000000e+00	-3.5395450641449269e-09
211968	5.7500000000000000e+02	0	0	144	254	144	0.0000000000000000e+00	3.0555555555555554e+02	0.0000000000000000e+00	-2.3156346199454781e-09
211968	5.7500000000000000e+02	0	0	144	255	144	0.0000000000000000e+00	3.0833333333333326e+02	0.0000000000000000e+00	7.4681218838372823e-10
211968	5.7500000000000000e+02	0	0	144	256	144	0.0000000000000000e+00	3.1111111111111109e+02	0.0000000000000000e+00	1.4158174641619415e-09
211968	5.7500000000000000e+02	0	0	144	257	144	0.0000000000000000e+00	3.1388888888888891e+02	0.0000000000000000e+00	-6.0591119577417678e-09
211968	5.7500000000000000e+02	0	0	144	258	144	0.0000000000000000e+00	3.1666666666666663e+02	0.0000000000000000e+00	-3.8020549854471427e-09
211968	5.7500000000000000e+02	0	0	144	259	144	0.0000000000000000e+00	3.1944444444444446e+02	0.0000000000000000e+00	1.2932864838223774e-08
211968	5.7500000000000000e+02	0	0	144	260	144	0.0000000000000000e+00	3.2222222222222217e+02	0.0000000000000000e+00	-1.2821686729730736e-09
211968	5.7500000000000000e+02	0	0	144	261	144	0.0000000000000000e+00	3.2500000000000000e+02	0.0000000000000000e+00	-2.5597308204798895e-08
211968	5.7500000000000000e+02	0	0	144	262	144	0.0000000000000000e+00	3.2777777777777771e+02	0.0000000000000000e+00	9.4036401437132549e-09
211968	5.7500000000000000e+02	0	0	144	263	144	0.0000000000000000e+00	3.3055555555555554e+02	0.0000000000000000e+00	3.6433129142676662e-08
211968	5.7500000000000000e+02	0	0	144	264	144	0.0000000000000000e+00	3.3333333333333326e+02	0.0000000000000000e+00	-1.4037568851265808e-08
211968	5.7500000000000000e+02	0	0	144	265	144	0.0000000000000000e+00	3.3611111111111109e+02	0.0000000000000000e+00	-3.1447682665821633e-08
211968	5.7500000000000000e+02	0	0	144	266	144	0.0000000000000000e+00	3.3888888888888891e+02	0.0000000000000000e+00	2.7075750588764380e-08
211968	5.7500000000000000e+02	0	0	144	267	144	0.0000000000000000e+00	3.4166666666666663e+02	0.0000000000000000e+00	3.0684570891209741e-08
211968	5.7500000000000000e+02	0	0	144	268	144	0.0000000000000000e+00	3.4444444444444446e+02	0.0000000000000000e+00	-2.7433985516334097e-08
211968	5.7500000000000000e+02	0	0	144	269	144	0.0000000000000000e+00	3.4722222222222217e+02	0.0000000000000000e+00	-2.1630676370748087e-08
211968	5.7500000000000000e+02	0	0	144	270	144	0.0000000000000000e+00	3.5000000000000000e+02	0.0000000000000000e+00	3.1437182923035265e-08
211968	5.7500000000000000e+02	0	0	144	271	144	0.0000000000000000e+00	3.5277777777777771e+02	0.0000000000000000e+00	3.0049379014808450e-08
211968	5.7500000000000000e+02	0	0	144	272	144	0.0000000000000000e+00	3.5555555555555554e+02	0.0000000000000000e+00	-4.5788735427201019e-09
211968	5.7500000000000000e+02	0	0	144	273	144	0.0000000000000000e+00	3.5833333333333326e+02	0.0000000000000000e+00	-4.9285406011528183e-09
211968	5.7500000000000000e+02	0	0	144	274	144	0.0000000000000000e+00	3.6111111111111109e+02	0.0000000000000000e+00	1.0887266590254553e-08
211968	5.7500000000000000e+02	0	0	144	275	144	0.0000000000000000e+00	3.6388888888888891e+02	0.0000000000000000e+00	4.5304732621901865e-09
211968	5.7500000000000000e+02	0	0	144	276	144	0.0000000000000000e+00	3.6666666666666663e+02	0.0000000000000000e+00	-1.0430295827121624e-08
211968	5.7500000000000000e+02	0	0	144	277	144	0.0000000000000000e+00	3.6944444444444446e+02	0.0000000000000000e+00	-1.2472058534216640e-08
211968	5.7500000000000000e+02	0	0	144	278	144	0.0000000000000000e+00	3.7222222222222217e+02	0.0000000000000000e+00	-7.3751801901724072e-09
211968	5.7500000000000000e+02	0	0	144	279	144	0.0000000000000000e+00	3.7500000000000000e+02	0.0000000000000000e+00	-5.8215651711999735e-09
211968	5.7500000000000000e+02	0	0	144	280	144	0.0000000000000000e+00	3.7777777777777771e+02	0.0000000000000000e+00	-9.8403486905854499e-09
211968	5.7500000000000000e+02	0	0	144	281	144	0.0000000000000000e+00	3.8055555555555554e+02	0.0000000000000000e+00	-1.9237285432322450e-08
211968	5.7500000000000000e+02	0	0	144	282	144	0.0000000000000000e+00	3.8333333333333326e+02	0.0000000000000000e+00	-2.9806585548243564e-08
211968	5.7500000000000000e+02	0	0	144	283	144	0.0000000000000000e+00	3.8611111111111109e+02	0.0000000000000000e+00	-3.2231845271808215e-08
211968	5.7500000000000000e+02	0	0	144	284	144	0.0000000000000000e+00	3.8888888888888891e+02	0.0000000000000000e+00	-2.3242971555785462e-08
211968	5.7500000000000000e+02	0	0	144	285	144	0.0000000000000000e+00	3.9166666666666663e+02	0.0000000000000000e+00	-2.1663596646745814e-08
211968	5.7500000000000000e+02	0	0	144	286	144	0.0000000000000000e+00	3.9444444444444446e+02	0.0000000000000000e+00	-1.9547165174627951e-08
211968	5.7500000000000000e+02	0	0	144	287	144	0.0000000000000000e+00	3.9722222222222217e+02	0.0000000000000000e+00	-2.2960872919043859e-08
211968	5.7500000000000000e+02	0	0	144	288	144	0.0000000000000000e+00	4.0000000000000000e+02	0.0000000000000000e+00	7.6617702052538035e-08
211968	5.7500000000000000e+02	0	0	144	289	144	0.0000000000000000e+00	4.0277777777777771e+02	0.0000000000000000e+00	0.0000000000000000e+00
211968	5.7500000000000000e+02	0	0	144	290	144	0.0000000000000000e+00	4.0555555555555554e+02	0.0000000000000000e+00	0.0000000000000000e+00
211968	5.7500000000000000e+02	0	0	144	291	144	0.0000000000000000e+00	4.0833333333333326e+02	0.0000000000000000e+00	0.0000000000000000e+00
211968	5.7500000000000000e+02	0	0	144	292	144	0.0000000000000000e+00	4.1111111111111109e+02	0.0000000000000000e+00	0.0000000000000000e+00
211968	5.7500000000000000e+02	0	1	288	124	288	0.0000000000000000e+00	-2.2777777777777777e+02	0.0000000000000000e+00	0.0000000000000000e+00
211968	5.7500000000000000e+02	0	1	288	125	288	0.0000000000000000e+00	-2.2638888888888889e+02	0.0000000000000000e+00	0.0000000000000000e+00
211968	5.7500000000000000e+02	0	1	288	126	288	0.0000000000000000e+00	-2.2500000000000000e+02	0.0000000000000000e+00	0.0000000000000000e+00
211968	5.7500000000000000e+02	0	1	288	127	288	0.0000000000000000e+00	-2.2361111111111111e+02	0.0000000000000000e+00	0.0000000000000000e+00
211968	5.7500000000000000e+02	0	1	288	128	288	0.0000000000000000e+00	-2.2222222222222223e+02	0.0000000000000000e+00	2.2545234096192965e-08
211968	5.7500000000000000e+02	0	1	288	129	288	0.0000000000000000e+00	-2.2083333333333334e+02	0.0000000000000000e+00	2.5886562337597222e-08
211968	5.7500000000000000e+02	0	1	288	130	288	0.0000000000000000e+00	-2.1944444444444446e+02	0.0000000000000000e+00	7.4980348695405661e-09
211968	5.7500000000000000e+02	0	1	288	131	288	0.0000000000000000e+00	-2.1805555555555557e+02	0.0000000000000000e+00	1.0897663988269862e-08
211968	5.7500000000000000e+02	0	1	288	132	288	0.0000000000000000e+00	-2.1666666666666669e+02	0.0000000000000000e+00	2.1617537728042854e-08
211968	5.7500000000000000e+02	0	1	288	133	288	0.0000000000000000e+00	-2.1527777777777777e+02	0.0000000000000000e+00	1.3610772664491728e-08
211968	5.7500000000000000e+02	0	1	288	134	288	0.0000000000000000e+00	-2.1388888888888889e+02	0.0000000000000000e+00	-5.9354257395744893e-09
211968	5.7500000000000000e+02	0	1	288	135	288	0.0000000000000000e+00	-2.1250000000000000e+02	0.0000000000000000e+00	-1.7559904647620301e-08
211968	5.7500000000000000e+02	0	1	288	136	288	0.0000000000000000e+00	-2.1111111111111111e+02	0.0000000000000000e+00	-1.8658375270378166e-08
211968	5.7500000000000000e+02	0	1	288	137	288	0.0000000000000000e+00	-2.0972222222222223e+02	0.0000000000000000e+00	-1.5656243620312078e-08
211968	5.7500000000000000e+02	0	1	288	138	288	0.0000000000000000e+00	-2.0833333333333334e+02	0.0000000000000000e+00	-1.0665658669673059e-08
211968	5.7500000000000000e+02	0	1	288	139	288	0.0000000000000000e+00	-2.0694444444444446e+02	0.0000000000000000e+00	-3.6439067445276269e-09
211968	5.7500000000000000e+02	0	1	288	140	288	0.0000000000000000e+00	-2.0555555555555557e+02	0.0000000000000000e+00	3.2961273536208353e-09
211968	5.7500000000000000e+02	0	1	288	141	288	0.0000000000000000e+00	-2.0416666666666669e+02	0.0000000000000000e+00	7.5583845502722813e-09
211968	5.7500000000000000e+02	0	1	288	142	288	0.0000000000000000e+00	-2.0277777777777777e+02	0.0000000000000000e+00	8.3017397759359564e-09
211968	5.7500000000000000e+02	0	1	288	143	288	0.0000000000000000e+00	-2.0138888888888889e+02	0.0000000000000000e+00	6.3970320851977523e-09
211968	5.7500000000000000e+02	0	1	288	144	288	0.0000000000000000e+00	-2.0000000000000000e+02	0.0000000000000000e+00	3.5939667318060689e-09
211968	5.7500000000000000e+02	0	1	288	145	288	0.0000000000000000e+00	-1.9861111111111111e+02	0.0000000000000000e+00	1.4953858198440050e-09
211968	5.7500000000000000e+02	0	1	288	146	288	0.0000000000000000e+00	-1.9722222222222223e+02	0.0000000000000000e+00	7.0498580635389913e-10
211968	5.7500000000000000e+02	0	1	288	147	288	0.0000000000000000e+00	-1.9583333333333334e+02	0.0000000000000000e+00	9.0455219332486455e-10
211968	5.7500000000000000e+02	0	1	288	148	288	0.0000000000000000e+00	-1.9444444444444446e+02	0.0000000000000000e+00	1.4648791294258453e-09
211968	5.7500000000000000e+02	0	1	288	149	288	0.0000000000000000e+00	-1.9305555555555557e+02	0.0000000000000000e+00	1.8336183353672035e-09
211968	5.7500000000000000e+02	0	1	288	150	288	0.0000000000000000e+00	-1.9166666666666669e+02	0.0000000000000000e+00	1.7854820197140542e-09
211968	5.7500000000000000e+02	0	1	288	151	288	0.0000000000000000e+00	-1.9027777777777777e+02	0.0000000000000000e+00	1.4657419706334341e-09
211968	5.7500000000000000e+02	0	1	288	152	288	0.0000000000000000e+00	-1.8888888888888889e+02	0.0000000000000000e+00	9.7983491428905976e-10
211968	5.7500000000000000e+02	0	1	288	153	288	0.0000000000000000e+00	-1.8750000000000000e+02	0.0000000000000000e+00	3.0503426036149750e-10
211968	5.7500000000000000e+02	0	1	288	154	288	0.0000000000000000e+00	-1.8611111111111111e+02	0.0000000000000000e+00	8.1752909072231655e-11
211968	5.7500000000000000e+02	0	1	288	155	288	0.0000000000000000e+00	-1.8472222222222223e+02	0.0000000000000000e+00	1.7508923221833111e-09
211968	5.7500000000000000e+02	0	1	288	156	288	0.0000000000000000e+00	-1.8333333333333334e+02	0.0000000000000000e+00	5.5924376010547978e-09
211968	5.7500000000000000e+02	0	1	288	157	288	0.0000000000000000e+00	-1.8194444444444446e+02	0.0000000000000000e+00	8.8372841993630804e-09
211968	5.7500000000000000e+02	0	1	288	158	288	0.0000000000000000e+00	-1.8055555555555557e+02	0.0000000000000000e+00	7.5613327600776606e-09
211968	5.7500000000000000e+02	0	1	288	159	288	0.0000000000000000e+00	-1.7916666666666669e+02	0.0000000000000000e+00	1.6198844837143378e-09
211968	5.7500000000000000e+02	0	1	288	160	288	0.0000000000000000e+00	-1.7777777777777777e+02	0.0000000000000000e+00	-3.0471930164068754e-09
211968	5.7500000000000000e+02	0	1	288	161	288	0.0000000000000000e+00	-1.7638888888888889e+02	0.0000000000000000e+00	1.0318143731798696e-09
211968	5.7500000000000000e+02	0	1	288	162	288	0.0000000000000000e+00	-1.7500000000000000e+02	0.0000000000000000e+00	1.3841376847319744e-08
211968	5.7500000000000000e+02	0	1	288	163	288	0.0000000000000000e+00	-1.7361111111111111e+02	0.0000000000000000e+00	2.3636436545642502e-08
211968	5.7500000000000000e+02	0	1	288	164	288	0.0000000000000000e+00	-1.7222222222222223e+02	0.0000000000000000e+00	1.6613578665778945e-08
211968	5.7500000000000000e+02	0	1	288	165	288	0.0000000000000000e+00	-1.7083333333333334e+02	0.0000000000000000e+00	-5.3082730475545833e-09
211968	5.7500000000000000e+02	0	1	288	166	288	0.0000000000000000e+00	-1.6944444444444446e+02	0.0000000000000000e+00	-2.1324713725603024e-08
211968	5.7500000000000000e+02	0	1	288	167	288	0.0000000000000000e+00	-1.6805555555555557e+02	0.0000000000000000e+00	-1.3692159845878619e-08
211968	5.7500000000000000e+02	0	1	288	168	288	0.0000000000000000e+00	-1.6666666666666669e+02	0.0000000000000000e+00	9.9668376801149424e-09
211968	5.7500000000000000e+02	0	1	288	169	288	0.0000000000000000e+00	-1.6527777777777780e+02	0.0000000000000000e+00	2.3954969516470539e-08
211968	5.7500000000000000e+02	0	1	288	170	288	0.0000000000000000e+00	-1.6388888888888889e+02	0.0000000000000000e+00	1.3971980388304377e-08
211968	5.7500000000000000e+02	0	1	288	171	288	0.0000000000000000e+00	-1.6250000000000000e+02	0.0000000000000000e+00	-5.4410956556035229e-09
211968	5.7500000000000000e+02	0	1	288	172	288	0.0000000000000000e+00	-1.6111111111111111e+02	0.0000000000000000e+00	-7.2843970269125951e-09
211968	5.7500000000000000e+02	0	1	288	173	288	0.0000000000000000e+00	-1.5972222222222223e+02	0.0000000000000000e+00	1.2440117968884200e-08
211968	5.7500000000000000e+02	0	1	288	174	288	0.0000000000000000e+00	-1.5833333333333334e+02	0.0000000000000000e+00	2.6754910386626480e-08
211968	5.7500000000000000e+02	0	1	288	175	288	0.0000000000000000e+00	-1.5694444444444446e+02	0.0000000000000000e+00	1.5919523906120586e-08
211968	5.7500000000000000e+02	0	1	288	176	288	0.0000000000000000e+00	-1.5555555555555557e+02	0.0000000000000000e+00	-3.2893509729325000e-09
211968	5.7500000000000000e+02	0	1	288	177	288	0.0000000000000000e+00	-1.5416666666666669e+02	0.0000000000000000e+00	-5.5368629150831764e-09
211968	5.7500000000000000e+02	0	1	288	178	288	0.0000000000000000e+00	-1.5277777777777780e+02	0.0000000000000000e+00	5.1103338423337485e-09
211968	5.7500000000000000e+02	0	1	288	179	288	0.0000000000000000e+00	-1.5138888888888889e+02	0.0000000000000000e+00	9.4387925024444438e-09
211968	5.7500000000000000e+02	0	1	288	180	288	0.0000000000000000e+00	-1.5000000000000000e+02	0.0000000000000000e+00	7.2008481045248275e-09
211968	5.7500000000000000e+02	0	1	288	181	288	0.0000000000000000e+00	-1.4861111111111111e+02	0.0000000000000000e+00	8.8746659245672471e-09
211968	5.7500000000000000e+02	0	1	288	182	288	0.0000000000000000e+00	-1.4722222222222223e+02	0.0000000000000000e+00	9.0345376985649816e-09
211968	5.7500000000000000e+02	0	1	288	183	288	0.0000000000000000e+00	-1.4583333333333334e+02	0.0000000000000000e+00	2.1196187215414253e-09
211968	5.7500000000000000e+02	0	1	288	184	288	0.0000000000000000e+00	-1.4444444444444446e+02	0.0000000000000000e+00	8.9408074447585017e-09
211968	5.7500000000000000e+02	0	1	288	185	288	0.0000000000000000e+00	-1.4305555555555554e+02	0.0000000000000000e+00	4.3331888600895514e-08
211968	5.7500000000000000e+02	0	1	288	186	288	0.0000000000000000e+00	-1.4166666666666669e+02	0.0000000000000000e+00	6.7640142958412063e-08
211968	5.7500000000000000e+02	0	1	288	187	288	0.0000000000000000e+00	-1.4027777777777777e+02	0.0000000000000000e+00	3.5449452389043140e-08
211968	5.7500000000000000e+02	0	1	288	188	288	0.0000000000000000e+00	-1.3888888888888891e+02	0.0000000000000000e+00	-2.7135699781386632e-08
211968	5.7500000000000000e+02	0	1	288	189	288	0.0000000000000000e+00	-1.3750000000000000e+02	0.0000000000000000e+00	-3.8326408019534717e-08
211968	5.7500000000000000e+02	0	1	288	190	288	0.0000000000000000e+00	-1.3611111111111114e+02	0.0000000000000000e+00	3.0648654563913635e-08
211968	5.7500000000000000e+02	0	1	288	191	288	0.0000000000000000e+00	-1.3472222222222223e+02	0.0000000000000000e+00	1.0758759098782112e-07
211968	5.7500000000000000e+02	0	1	288	192	288	0.0000000000000000e+00	-1.3333333333333337e+02	0.0000000000000000e+00	1.0731681570716752e-07
211968	5.7500000000000000e+02	0	1	288	193	288	0.0000000000000000e+00	-1.3194444444444446e+02	0.0000000000000000e+00	4.2790695385642138e-08
211968	5.7500000000000000e+02	0	1	288	194	288	0.0000000000000000e+00	-1.3055555555555554e+02	0.0000000000000000e+00	-2.2663300802705641e-09
211968	5.7500000000000000e+02	0	1	288	195	288	0.0000000000000000e+00	-1.2916666666666669e+02	0.0000000000000000e+00	2.9632025614908637e-09
211968	5.7500000000000000e+02	0	1	288	196	288	0.0000000000000000e+00	-1.2777777777777777e+02	0.0000000000000000e+00	2.3895874741957472e-08
211968	5.7500000000000000e+02	0	1	288	197	288	0.0000000000000000e+00	-1.2638888888888891e+02	0.0000000000000000e+00	4.9456900236510285e-08
211968	5.7500000000000000e+02	0	1	288	198	288	0.0000000000000000e+00	-1.2500000000000000e+02	0.0000000000000000e+00	7.7069047802254046e-08
211968	5.7500000000000000e+02	0	1	288	199	288	0.0000000000000000e+00	-1.2361111111111114e+02	0.0000000000000000e+00	8.0705035996137429e-08
211968	5.7500000000000000e+02	0	1	288	200	288	0.0000000000000000e+00	-1.2222222222222223e+02	0.0000000000000000e+00	8.8635658937316671e-08
211968	5.7500000000000000e+02	0	1	288	201	288	0.0000000000000000e+00	-1.2083333333333337e+02	0.0000000000000000e+00	6.2591257182386959e-08
211968	5.7500000000000000e+02	0	1	288	202	288	0.0000000000000000e+00	-1.1944444444444446e+02	0.0000000000000000e+00	4.6287538939249645e-09
211968	5.7500000000000000e+02	0	1	288	203	288	0.0000000000000000e+00	-1.1805555555555554e+02	0.0000000000000000e+00	1.2623033957771641e-07
211968	5.7500000000000000e+02	0	1	288	204	288	0.0000000000000000e+00	-1.1666666666666669e+02	0.0000000000000000e+00	1.1973073575362006e-07
211968	5.7500000000000000e+02	0	1	288	205	288	0.0000000000000000e+00	-1.1527777777777777e+02	0.0000000000000000e+00	-3.1460355105626037e-08
211968	5.7500000000000000e+02	0	1	288	206	288	0.0000000000000000e+00	-1.1388888888888891e+02	0.0000000000000000e+00	4.1569519703470421e-08
211968	5.7500000000000000e+02	0	1	288	207	288	0.0000000000000000e+00	-1.1250000000000000e+02	0.0000000000000000e+00	4.0829217639323655e-08
211968	5.7500000000000000e+02	0	1	288	208	288	0.0000000000000000e+00	-1.1111111111111114e+02	0.0000000000000000e+00	2.2956311436333793e-08
211968	5.7500000000000000e+02	0	1	288	209	288	0.0000000000000000e+00	-1.0972222222222223e+02	0.0000000000000000e+00	4.1084224827852724e-08
211968	5.7500000000000000e+02	0	1	288	210	288	0.0000000000000000e+00	-1.0833333333333337e+02	0.0000000000000000e+00	3.6938197163765730e-08
211968	5.7500000000000000e+02	0	1	288	211	288	0.0000000000000000e+00	-1.0694444444444446e+02	0.0000000000000000e+00	-7.6604500855179236e-08
211968	5.7500000000000000e+02	0	1	288	212	288	0.0000000000000000e+00	-1.0555555555555554e+02	0.0000000000000000e+00	4.8407688055362013e-08
211968	5.7500000000000000e+02	0	1	288	213	288	0.0000000000000000e+00	-1.0416666666666669e+02	0.0000000000000000e+00	6.1440503968172990e-08
211968	5.7500000000000000e+02	0	1	288	214	288	0.0000000000000000e+00	-1.0277777777777777e+02	0.0000000000000000e+00	-1.1347303327896128e-07
211968	5.7500000000000000e+02	0	1	288	215	288	0.0000000000000000e+00	-1.0138888888888891e+02	0.0000000000000000e+00	5.9393680863230414e-08
211968	5.7500000000000000e+02	0	1	288	216	288	0.0000000000000000e+00	-1.0000000000000000e+02	0.0000000000000000e+00	7.3226704178391091e-08
211968	5.7500000000000000e+02	0	1	288	217	288	0.0000000000000000e+00	-9.8611111111111143e+01	0.0000000000000000e+00	5.1287944164595539e-08
211968	5.7500000000000000e+02	0	1	288	218	288	0.0000000000000000e+00	-9.7222222222222229e+01	0.0000000000000000e+00	5.5895311308076784e-08
211968	5.7500000000000000e+02	0	1	288	219	288	0.0000000000000000e+00	-9.5833333333333371e+01	0.0000000000000000e+00	3.7922847833171772e-08
211968	5.7500000000000000e+02	0	1	288	220	288	0.0000000000000000e+00	-9.4444444444444457e+01	0.0000000000000000e+00	3.6395650047801350e-08
211968	5.7500000000000000e+02	0	1	288	221	288	0.0000000000000000e+00	-9.3055555555555543e+01	0.0000000000000000e+00	-6.5923934968457181e-09
211968	5.7500000000000000e+02	0	1	288	222	288	0.0000000000000000e+00	-9.1666666666666686e+01	0.0000000000000000e+00	-2.6039252976787549e-08
211968	5.7500000000000000e+02	0	1	288	223	288	0.0000000000000000e+00	-9.0277777777777771e+01	0.0000000000000000e+00	-2.9489679493228349e-08
211968	5.7500000000000000e+02	0	1	288	224	288	0.0000000000000000e+00	-8.8888888888888914e+01	0.0000000000000000e+00	-4.0880171681748865e-08
211968	5.7500000000000000e+02	0	1	288	225	288	0.0000000000000000e+00	-8.7500000000000000e+01	0.0000000000000000e+00	-3.2907144286260036e-08
211968	5.7500000000000000e+02	0	1	288	226	288	0.0000000000000000e+00	-8.6111111111111143e+01	0.0000000000000000e+00	-5.4615609882888193e-09
211968	5.7500000000000000e+02	0	1	288	227	288	0.0000000000000000e+00	-8.4722222222222229e+01	0.0000000000000000e+00	-1.7597771576112398e-09
211968	5.7500000000000000e+02	0	1	288	228	288	0.0000000000000000e+00	-8.3333333333333371e+01	0.0000000000000000e+00	3.5873628487690932e-09
211968	5.7500000000000000e+02	0	1	288	229	288	0.0000000000000000e+00	-8.1944444444444457e+01	0.0000000000000000e+00	2.8949458773972733e-08
211968	5.7500000000000000e+02	0	1	288	230	288	0.0000000000000000e+00	-8.0555555555555543e+01	0.0000000000000000e+00	1.3931162173092775e-08
211968	5.7500000000000000e+02	0	1	288	231	288	0.0000000000000000e+00	-7.9166666666666686e+01	0.0000000000000000e+00	-6.7852686659208938e-09
211968	5.7500000000000000e+02	0	1	288	232	288	0.0000000000000000e+00	-7.7777777777777771e+01	0.0000000000000000e+00	1.5543328652400096e-08
211968	5.7500000000000000e+02	0	1	288	233	288	0.0000000000000000e+00	-7.6388888888888914e+01	0.0000000000000000e+00	6.6750655301380043e-09
211968	5.7500000000000000e+02	0	1	288	234	288	0.0000000000000000e+00	-7.5000000000000000e+01	0.0000000000000000e+00	-2.0182954927722667e-08
211968	5.7500000000000000e+02	0	1	288	235	288	0.0000000000000000e+00	-7.3611111111111143e+01	0.0000000000000000e+00	3.7986025849516024e-09
211968	5.7500000000000000e+02	0	1	288	236	288	0.0000000000000000e+00	-7.2222222222222229e+01	0.0000000000000000e+00	1.4965663448894919e-08
211968	5.7500000000000000e+02	0	1	288	237	288	0.0000000000000000e+00	-7.0833333333333371e+01	0.0000000000000000e+00	1.5578622069161426e-09
211968	5.7500000000000000e+02	0	1	288	238	288	0.0000000000000000e+00	-6.9444444444444457e+01	0.0000000000000000e+00	3.4738069262694227e-09
211968	5.7500000000000000e+02	0	1	288	239	288	0.0000000000000000e+00	-6.8055555555555543e+01	0.0000000000000000e+00	1.5324044023632910e-08
211968	5.7500000000000000e+02	0	1	288	240	288	0.0000000000000000e+00	-6.6666666666666686e+01	0.0000000000000000e+00	1.5585159613181303e-08
211968	5.7500000000000000e+02	0	1	288	241	288	0.0000000000000000e+00	-6.5277777777777771e+01	0.0000000000000000e+00	2.4868503869781229e-09
211968	5.7500000000000000e+02	0	1	288	242	288	0.0000000000000000e+00	-6.3888888888888914e+01	0.0000000000000000e+00	-3.7320272991775471e-09
211968	5.7500000000000000e+02	0	1	288	243	288	0.0000000000000000e+00	-6.2500000000000000e+01	0.0000000000000000e+00	-3.6158539754085487e-09
211968	5.7500000000000000e+02	0	1	288	244	288	0.0000000000000000e+00	-6.1111111111111143e+01	0.0000000000000000e+00	-6.7900802294968601e-09
211968	5.7500000000000000e+02	0	1	288	245	288	0.0000000000000000e+00	-5.9722222222222229e+01	0.0000000000000000e+00	-6.4786714927739884e-09
211968	5.7500000000000000e+02	0	1	288	246	288	0.0000000000000000e+00	-5.8333333333333371e+01	0.0000000000000000e+00	4.3760529203078814e-09
211968	5.7500000000000000e+02	0	1	288	247	288	0.0000000000000000e+00	-5.6944444444444457e+01	0.0000000000000000e+00	2.5061559835080841e-08
211968	5.7500000000000000e+02	0	1	288	248	288	0.0000000000000000e+00	-5.5555555555555543e+01	0.0000000000000000e+00	4.5192353454433615e-08
211968	5.7500000000000000e+02	0	1	288	249	288	0.0000000000000000e+00	-5.4166666666666686e+01	0.0000000000000000e+00	2.6099588676981392e-08
211968	5.7500000000000000e+02	0	1	288	250	288	0.0000000000000000e+00	-5.2777777777777771e+01	0.0000000000000000e+00	-3.8826373359178540e-09
211968	5.7500000000000000e+02	0	1	288	251	288	0.0000000000000000e+00	-5.1388888888888914e+01	0.0000000000000000e+00	-2.7009552211576855e-09
211968	5.7500000000000000e+02	0	1	288	252	288	0.0000000000000000e+00	-5.0000000000000000e+01	0.0000000000000000e+00	-2.4006853558224012e-08
211968	5.7500000000000000e+02	0	1	288	253	288	0.0000000000000000e+00	-4.8611111111111143e+01	0.0000000000000000e+00	-4.9585787713240308e-08
211968	5.7500000000000000e+02	0	1	288	254	288	0.0000000000000000e+00	-4.7222222222222229e+01	0.0000000000000000e+00	1.0040055354007984e-08
211968	5.7500000000000000e+02	0	1	288	255	288	0.0000000000000000e+00	-4.5833333333333371e+01	0.0000000000000000e+00	6.8863279808341083e-08
211968	5.7500000000000000e+02	0	1	288	256	288	0.0000000000000000e+00	-4.4444444444444457e+01	0.0000000000000000e+00	9.3366953093320697e-09
211968	5.7500000000000000e+02	0	1	288	257	288	0.0000000000000000e+00	-4.3055555555555543e+01	0.0000000000000000e+00	-6.7864018344470304e-08
211968	5.7500000000000000e+02	0	1	288	258	288	0.0000000000000000e+00	-4.1666666666666686e+01	0.0000000000000000e+00	-4.2433599859049004e-09
211968	5.7500000000000000e+02	0	1	288	259	288	0.0000000000000000e+00	-4.0277777777777771e+01	0.0000000000000000e+00	6.3947121054719704e-08
211968	5.7500000000000000e+02	0	1	288	260	288	0.0000000000000000e+00	-3.8888888888888914e+01	0.0000000000000000e+00	-2.5117677433476828e-09
211968	5.7500000000000000e+02	0	1	288	261	288	0.0000000000000000e+00	-3.7500000000000000e+01	0.0000000000000000e+00	-2.9112438410552251e-08
211968	5.7500000000000000e+02	0	1	288	262	288	0.0000000000000000e+00	-3.6111111111111143e+01	0.0000000000000000e+00	3.0130939543710234e-08
211968	5.7500000000000000e+02	0	1	288	263	288	0.0000000000000000e+00	-3.4722222222222229e+01	0.0000000000000000e+00	4.8433054666361314e-08
211968	5.7500000000000000e+02	0	1	288	264	288	0.0000000000000000e+00	-3.3333333333333371e+01	0.0000000000000000e+00	1.5827712995033170e-08
211968	5.7500000000000000e+02	0	1	288	265	288	0.0000000000000000e+00	-3.1944444444444457e+01	0.0000000000000000e+00	2.9116775268790421e-08
211968	5.7500000000000000e+02	0	1	288	266	288	0.0000000000000000e+00	-3.0555555555555543e+01	0.0000000000000000e+00	5.2735072235428730e-08
211968	5.7500000000000000e+02	0	1	288	267	288	0.0000000000000000e+00	-2.9166666666666686e+01	0.0000000000000000e+00	4.5187512749702678e-08
211968	5.7500000000000000e+02	0	1	288	268	288	0.0000000000000000e+00	-2.7777777777777771e+01	0.0000000000000000e+00	6.8207833220523123e-08
211968	5.7500000000000000e+02	0	1	288	269	288	0.0000000000000000e+00	-2.6388888888888914e+01	0.0000000000000000e+00	1.1713055883942708e-07
211968	5.7500000000000000e+02	0	1	288	270	288	0.0000000000000000e+00	-2.5000000000000000e+01	0.0000000000000000e+00	1.4856645115853434e-07
211968	5.7500000000000000e+02	0	1	288	271	288	0.0000000000000000e+00	-2.3611111111111143e+01	0.0000000000000000e+00	1.8965115354869943e-07
211968	5.7500000000000000e+02	0	1	288	272	288	0.0000000000000000e+00	-2.2222222222222229e+01	0.0000000000000000e+00	2.6359625292339198e-07
211968	5.7500000000000000e+02	0	1	288	273	288	0.0000000000000000e+00	-2.0833333333333371e+01	0.0000000000000000e+00	3.7510884516369004e-07
211968	5.7500000000000000e+02	0	1	288	274	288	0.0000000000000000e+00	-1.9444444444444457e+01	0.0000000000000000e+00	5.4446566880245828e-07
211968	5.7500000000000000e+02	0	1	288	275	288	0.0000000000000000e+00	-1.8055555555555543e+01	0.0000000000000000e+00	8.3582445920768782e-07
211968	5.7500000000000000e+02	0	1	288	276	288	0.0000000000000000e+00	-1.6666666666666686e+01	0.0000000000000000e+00	1.3551750046539307e-06
211968	5.7500000000000000e+02	0	1	288	277	288	0.0000000000000000e+00	-1.5277777777777771e+01	0.0000000000000000e+00	2.2614529576828735e-06
211968	5.7500000000000000e+02	0	1	288	278	288	0.0000000000000000e+00	-1.3888888888888914e+01	0.0000000000000000e+00	3.9822667405646932e-06
211968	5.7500000000000000e+02	0	1	288	279	288	0.0000000000000000e+00	-1.2500000000000000e+01	0.0000000000000000e+00	7.4602351955996070e-06
211968	5.7500000000000000e+02	0	1	288	280	288	0.0000000000000000e+00	-1.1111111111111143e+01	0.0000000000000000e+00	1.5036474710966265e-05
211968	5.7500000000000000e+02	0	1	288	281	288	0.0000000000000000e+00	-9.7222222222222285e+00	0.0000000000000000e+00	3.3241129722396090e-05
211968	5.7500000000000000e+02	0	1	288	282	288	0.0000000000000000e+00	-8.3333333333333712e+00	0.0000000000000000e+00	8.1718691430823694e-05
211968	5.7500000000000000e+02	0	1	288	283	288	0.0000000000000000e+00	-6.9444444444444571e+00	0.0000000000000000e+00	1.8755669446402136e-04
211968	5.7500000000000000e+02	0	1	288	284	288	0.0000000000000000e+00	-5.5555555555555429e+00	0.0000000000000000e+00	3.5735251547956411e-04
211968	5.7500000000000000e+02	0	1	288	285	288	0.0000000000000000e+00	-4.1666666666666856e+00	0.0000000000000000e+00	-1.5336438708122783e-02
211968	5.7500000000000000e+02	0	1	288	286	288	0.0000000000000000e+00	-2.7777777777777715e+00	0.0000000000000000e+00	2.1797987613074368e-01
211968	5.7500000000000000e+02	0	1	288	287	288	0.0000000000000000e+00	-1.3888888888889142e+00	0.0000000000000000e+00	-2.2046559503096823e+00
211968	5.7500000000000000e+02	0	1	288	288	288	0.0000000000000000e+00	0.0000000000000000e+00	0.0000000000000000e+00	2.6917759079429376e-01
211968	5.7500000000000000e+02	0	1	288	289	288	0.0000000000000000e+00	1.3888888888888573e+00	0.0000000000000000e+00	-2.2046559839931885e+00
211968	5.7500000000000000e+02	0	1	288	290	288	0.0000000000000000e+00	2.7777777777777715e+00	0.0000000000000000e+00	2.1797987652529580e-01
211968	5.7500000000000000e+02	0	1	288	291	288	0.0000000000000000e+00	4.1666666666666288e+00	0.0000000000000000e+00	-1.5336439146707914e-02
211968	5.7500000000000000e+02	0	1	288	292	288	0.0000000000000000e+00	5.5555555555555429e+00	0.0000000000000000e+00	3.5735263340195541e-04
211968	5.7500000000000000e+02	0	1	288	293	288	0.0000000000000000e+00	6.9444444444444571e+00	0.0000000000000000e+00	1.8755668672885251e-04
211968	5.7500000000000000e+02	0	1	288	294	288	0.0000000000000000e+00	8.3333333333333144e+00	0.0000000000000000e+00	8.1718692191391410e-05
211968	5.7500000000000000e+02	0	1	288	295	288	0.0000000000000000e+00	9.7222222222222285e+00	0.0000000000000000e+00	3.3241128890485798e-05
211968	5.7500000000000000e+02	0	1	288	296	288	0.0000000000000000e+00	1.1111111111111086e+01	0.0000000000000000e+00	1.5036474803968769e-05
211968	5.7500000000000000e+02	0	1	288	297	288	0.0000000000000000e+00	1.2500000000000000e+01	0.0000000000000000e+00	7.4602362596226731e-06
211968	5.7500000000000000e+02	0	1	288	298	288	0.0000000000000000e+00	1.3888888888888857e+01	0.0000000000000000e+00	3.9822663738897741e-06
211968	5.7500000000000000e+02	0	1	288	299	288	0.0000000000000000e+00	1.5277777777777771e+01	0.0000000000000000e+00	2.2614540229802612e-06
211968	5.7500000000000000e+02	0	1	288	300	288	0.0000000000000000e+00	1.6666666666666629e+01	0.0000000000000000e+00	1.3551746772776590e-06
211968	5.7500000000000000e+02	0	1	288	301	288	0.0000000000000000e+00	1.8055555555555543e+01	0.0000000000000000e+00	8.3582516602076621e-07
211968	5.7500000000000000e+02	0	1	288	302	288	0.0000000000000000e+00	1.9444444444444457e+01	0.0000000000000000e+00	5.4446592787686079e-07
211968	5.7500000000000000e+02	0	1	288	303	288	0.0000000000000000e+00	2.0833333333333314e+01	0.0000000000000000e+00	3.7510889090676081e-07
211968	5.7500000000000000e+02	0	1	288	304	288	0.0000000000000000e+00	2.2222222222222229e+01	0.0000000000000000e+00	2.6359622894548410e-07
211968	5.7500000000000000e+02	0	1	288	305	288	0.0000000000000000e+00	2.3611111111111086e+01	0.0000000000000000e+00	1.8965130885919479e-07
211968	5.7500000000000000e+02	0	1	288	306	288	0.0000000000000000e+00	2.5000000000000000e+01	0.0000000000000000e+00	1.4856577511373301e-07
211968	5.7500000000000000e+02	0	1	288	307	288	0.0000000000000000e+00	2.6388888888888857e+01	0.0000000000000000e+00	1.1713101245725500e-07
211968	5.7500000000000000e+02	0	1	288	308	288	0.0000000000000000e+00	2.7777777777777771e+01	0.0000000000000000e+00	6.8207507195265403e-08
211968	5.7500000000000000e+02	0	1	288	309	288	0.0000000000000000e+00	2.9166666666666629e+01	0.0000000000000000e+00	4.5188219718696677e-08
211968	5.7500000000000000e+02	0	1	288	310	288	0.0000000000000000e+00	3.0555555555555543e+01	0.0000000000000000e+00	5.2733357171070047e-08
211968	5.7500000000000000e+02	0	1	288	311	288	0.0000000000000000e+00	3.1944444444444457e+01	0.0000000000000000e+00	2.9119065630695007e-08
211968	5.7500000000000000e+02	0	1	288	312	288	0.0000000000000000e+00	3.3333333333333314e+01	0.0000000000000000e+00	1.5825909846954047e-08
211968	5.7500000000000000e+02	0	1	288	313	288	0.0000000000000000e+00	3.4722222222222229e+01	0.0000000000000000e+00	4.8433470271246134e-08
211968	5.7500000000000000e+02	0	1	288	314	288	0.0000000000000000e+00	3.6111111111111086e+01	0.0000000000000000e+00	3.0131877406095486e-08
211968	5.7500000000000000e+02	0	1	288	315	288	0.0000000000000000e+00	3.7500000000000000e+01	0.0000000000000000e+00	-2.9113157448628944e-08
211968	5.7500000000000000e+02	0	1	288	316	288	0.0000000000000000e+00	3.8888888888888857e+01	0.0000000000000000e+00	-2.5115266623600446e-09
211968	5.7500000000000000e+02	0	1	288	317	288	0.0000000000000000e+00	4.0277777777777771e+01	0.0000000000000000e+00	6.3946519188438426e-08
211968	5.7500000000000000e+02	0	1	288	318	288	0.0000000000000000e+00	4.1666666666666629e+01	0.0000000000000000e+00	-4.2429388956484781e-09
211968	5.7500000000000000e+02	0	1	288	319	288	0.0000000000000000e+00	4.3055555555555543e+01	0.0000000000000000e+00	-6.7864408170572692e-08
211968	5.7500000000000000e+02	0	1	288	320	288	0.0000000000000000e+00	4.4444444444444457e+01	0.0000000000000000e+00	9.3375020188673122e-09
211968	5.7500000000000000e+02	0	1	288	321	288	0.0000000000000000e+00	4.5833333333333314e+01	0.0000000000000000e+00	6.8863059974839249e-08
211968	5.7500000000000000e+02	0	1	288	322	288	0.0000000000000000e+00	4.7222222222222229e+01	0.0000000000000000e+00	1.0040090985430883e-08
211968	5.7500000000000000e+02	0	1	288	323	288	0.0000000000000000e+00	4.8611111111111086e+01	0.0000000000000000e+00	-4.9585950268798549e-08
211968	5.7500000000000000e+02	0	1	288	324	288	0.0000000000000000e+00	5.0000000000000000e+01	0.0000000000000000e+00	-2.4008123134013101e-08
211968	5.7500000000000000e+02	0	1	288	325	288	0.0000000000000000e+00	5.1388888888888857e+01	0.0000000000000000e+00	-2.6994786764582932e-09
211968	5.7500000000000000e+02	0	1	288	326	288	0.0000000000000000e+00	5.2777777777777771e+01	0.0000000000000000e+00	-3.8816987293367127e-09
211968	5.7500000000000000e+02	0	1	288	327	288	0.0000000000000000e+00	5.4166666666666629e+01	0.0000000000000000e+00	2.6097725772896393e-08
211968	5.7500000000000000e+02	0	1	288	328	288	0.0000000000000000e+00	5.5555555555555543e+01	0.0000000000000000e+00	4.5192384140973336e-08
211968	5.7500000000000000e+02	0	1	288	329	288	0.0000000000000000e+00	5.6944444444444400e+01	0.0000000000000000e+00	2.5061176705261865e-08
211968	5.7500000000000000e+02	0	1	288	330	288	0.0000000000000000e+00	5.8333333333333314e+01	0.0000000000000000e+00	4.3772883770850781e-09
211968	5.7500000000000000e+02	0	1	288	331	288	0.0000000000000000e+00	5.9722222222222229e+01	0.0000000000000000e+00	-6.4792718983741288e-09
211968	5.7500000000000000e+02	0	1	288	332	288	0.0000000000000000e+00	6.1111111111111086e+01	0.0000000000000000e+00	-6.7898819484885908e-09
211968	5.7500000000000000e+02	0	1	288	333	288	0.0000000000000000e+00	6.2500000000000000e+01	0.0000000000000000e+00	-3.6161516887464033e-09
211968	5.7500000000000000e+02	0	1	288	334	288	0.0000000000000000e+00	6.3888888888888857e+01	0.0000000000000000e+00	-3.7317533585841006e-09
211968	5.7500000000000000e+02	0	1	288	335	288	0.0000000000000000e+00	6.5277777777777771e+01	0.0000000000000000e+00	2.4867351361948433e-09
211968	5.7500000000000000e+02	0	1	288	336	288	0.0000000000000000e+00	6.6666666666666629e+01	0.0000000000000000e+00	1.5585118050891895e-08
211968	5.7500000000000000e+02	0	1	288	337	288	0.0000000000000000e+00	6.8055555555555543e+01	0.0000000000000000e+00	1.5324066400000715e-08
211968	5.7500000000000000e+02	0	1	288	338	288	0.0000000000000000e+00	6.9444444444444400e+01	0.0000000000000000e+00	3.4737317881576579e-09
211968	5.7500000000000000e+02	0	1	288	339	288	0.0000000000000000e+00	7.0833333333333314e+01	0.0000000000000000e+00	1.5578517766805569e-09
211968	5.7500000000000000e+02	0	1	288	340	288	0.0000000000000000e+00	7.2222222222222229e+01	0.0000000000000000e+00	1.4965716244015669e-08
211968	5.7500000000000000e+02	0	1	288	341	288	0.0000000000000000e+00	7.3611111111111086e+01	0.0000000000000000e+00	3.7987012377459947e-09
211968	5.7500000000000000e+02	0	1	288	342	288	0.0000000000000000e+00	7.5000000000000000e+01	0.0000000000000000e+00	-2.0182966426247244e-08
211968	5.7500000000000000e+02	0	1	288	343	288	0.0000000000000000e+00	7.6388888888888857e+01	0.0000000000000000e+00	6.6751161780867167e-09
211968	5.7500000000000000e+02	0	1	288	344	288	0.0000000000000000e+00	7.7777777777777771e+01	0.0000000000000000e+00	1.5543353566123151e-08
211968	5.7500000000000000e+02	0	1	288	345	288	0.0000000000000000e+00	7.9166666666666629e+01	0.0000000000000000e+00	-6.7854008536199794e-09
211968	5.7500000000000000e+02	0	1	288	346	288	0.0000000000000000e+00	8.0555555555555543e+01	0.0000000000000000e+00	1.3931091413226977e-08
211968	5.7500000000000000e+02	0	1	288	347	288	0.0000000000000000e+00	8.1944444444444400e+01	0.0000000000000000e+00	2.8949332673046785e-08
211968	5.7500000000000000e+02	0	1	288	348	288	0.0000000000000000e+00	8.3333333333333314e+01	0.0000000000000000e+00	3.5874333889939113e-09
211968	5.7500000000000000e+02	0	1	288	349	288	0.0000000000000000e+00	8.4722222222222229e+01	0.0000000000000000e+00	-1.7593461290871057e-09
211968	5.7500000000000000e+02	0	1	288	350	288	0.0000000000000000e+00	8.6111111111111086e+01	0.0000000000000000e+00	-5.4616316582062889e-09
211968	5.7500000000000000e+02	0	1	288	351	288	0.0000000000000000e+00	8.7500000000000000e+01	0.0000000000000000e+00	-3.2907342830890135e-08
211968	5.7500000000000000e+02	0	1	288	352	288	0.0000000000000000e+00	8.8888888888888857e+01	0.0000000000000000e+00	-4.0880406332460243e-08
211968	5.7500000000000000e+02	0	1	288	353	288	0.0000000000000000e+00	9.0277777777777771e+01	0.0000000000000000e+00	-2.9489292014517801e-08
211968	5.7500000000000000e+02	0	1	288	354	288	0.0000000000000000e+00	9.1666666666666629e+01	0.0000000000000000e+00	-2.6038941574751785e-08
211968	5.7500000000000000e+02	0	1	288	355	288	0.0000000000000000e+00	9.3055555555555543e+01	0.0000000000000000e+00	-6.5935906752628358e-09
211968	5.7500000000000000e+02	0	1	288	356	288	0.0000000000000000e+00	9.4444444444444400e+01	0.0000000000000000e+00	3.6396809191433384e-08
211968	5.7500000000000000e+02	0	1	288	357	288	0.0000000000000000e+00	9.5833333333333314e+01	0.0000000000000000e+00	3.7922793967996444e-08
211968	5.7500000000000000e+02	0	1	288	358	288	0.0000000000000000e+00	9.7222222222222229e+01	0.0000000000000000e+00	5.5893654355321679e-08
211968	5.7500000000000000e+02	0	1	288	359	288	0.0000000000000000e+00	9.8611111111111086e+01	0.0000000000000000e+00	5.1289233269859180e-08
211968	5.7500000000000000e+02	0	1	288	360	288	0.0000000000000000e+00	1.0000000000000000e+02	0.0000000000000000e+00	7.3227108130761961e-08
211968	5.7500000000000000e+02	0	1	288	361	288	0.0000000000000000e+00	1.0138888888888886e+02	0.0000000000000000e+00	5.9393953855359748e-08
211968	5.7500000000000000e+02	0	1	288	362	288	0.0000000000000000e+00	1.0277777777777777e+02	0.0000000000000000e+00	-1.1347243942449156e-07
211968	5.7500000000000000e+02	0	1	288	363	288	0.0000000000000000e+00	1.0416666666666663e+02	0.0000000000000000e+00	6.1438507961307535e-08
211968	5.7500000000000000e+02	0	1	288	364	288	0.0000000000000000e+00	1.0555555555555554e+02	0.0000000000000000e+00	4.8405593675022422e-08
211968	5.7500000000000000e+02	0	1	288	365	288	0.0000000000000000e+00	1.0694444444444440e+02	0.0000000000000000e+00	-7.6601151868732532e-08
211968	5.7500000000000000e+02	0	1	288	366	288	0.0000000000000000e+00	1.0833333333333331e+02	0.0000000000000000e+00	3.6940099814618552e-08
211968	5.7500000000000000e+02	0	1	288	367	288	0.0000000000000000e+00	1.0972222222222223e+02	0.0000000000000000e+00	4.1081482111966146e-08
211968	5.7500000000000000e+02	0	1	288	368	288	0.0000000000000000e+00	1.1111111111111109e+02	0.0000000000000000e+00	2.2955650232740846e-08
211968	5.7500000000000000e+02	0	1	288	369	288	0.0000000000000000e+00	1.1250000000000000e+02	0.0000000000000000e+00	4.0829608912479520e-08
211968	5.7500000000000000e+02	0	1	288	370	288	0.0000000000000000e+00	1.1388888888888891e+02	0.0000000000000000e+00	4.1570476156171495e-08
211968	5.7500000000000000e+02	0	1	288	371	288	0.0000000000000000e+00	1.1527777777777771e+02	0.0000000000000000e+00	-3.1459076810809982e-08
211968	5.7500000000000000e+02	0	1	288	372	288	0.0000000000000000e+00	1.1666666666666663e+02	0.0000000000000000e+00	1.1972984621871020e-07
211968	5.7500000000000000e+02	0	1	288	373	288	0.0000000000000000e+00	1.1805555555555554e+02	0.0000000000000000e+00	1.2622835627139786e-07
211968	5.7500000000000000e+02	0	1	288	374	288	0.0000000000000000e+00	1.1944444444444446e+02	0.0000000000000000e+00	4.6281293048921381e-09
211968	5.7500000000000000e+02	0	1	288	375	288	0.0000000000000000e+00	1.2083333333333337e+02	0.0000000000000000e+00	6.2592990608865772e-08
211968	5.7500000000000000e+02	0	1	288	376	288	0.0000000000000000e+00	1.2222222222222217e+02	0.0000000000000000e+00	8.8637462492334827e-08
211968	5.7500000000000000e+02	0	1	288	377	288	0.0000000000000000e+00	1.2361111111111109e+02	0.0000000000000000e+00	8.0703763377558947e-08
211968	5.7500000000000000e+02	0	1	288	378	288	0.0000000000000000e+00	1.2500000000000000e+02	0.0000000000000000e+00	7.7067044485265955e-08
211968	5.7500000000000000e+02	0	1	288	379	288	0.0000000000000000e+00	1.2638888888888891e+02	0.0000000000000000e+00	4.9457497381183322e-08
211968	5.7500000000000000e+02	0	1	288	380	288	0.0000000000000000e+00	1.2777777777777771e+02	0.0000000000000000e+00	2.3896914484983399e-08
211968	5.7500000000000000e+02	0	1	288	381	288	0.0000000000000000e+00	1.2916666666666663e+02	0.0000000000000000e+00	2.9631006679888254e-09
211968	5.7500000000000000e+02	0	1	288	382	288	0.0000000000000000e+00	1.3055555555555554e+02	0.0000000000000000e+00	-2.2661817609720275e-09
211968	5.7500000000000000e+02	0	1	288	383	288	0.0000000000000000e+00	1.3194444444444446e+02	0.0000000000000000e+00	4.2790859016735519e-08
211968	5.7500000000000000e+02	0	1	288	384	288	0.0000000000000000e+00	1.3333333333333326e+02	0.0000000000000000e+00	1.0731638635848479e-07
211968	5.7500000000000000e+02	0	1	288	385	288	0.0000000000000000e+00	1.3472222222222217e+02	0.0000000000000000e+00	1.0758752036763148e-07
211968	5.7500000000000000e+02	0	1	288	386	288	0.0000000000000000e+00	1.3611111111111109e+02	0.0000000000000000e+00	3.0649080160707996e-08
211968	5.7500000000000000e+02	0	1	288	387	288	0.0000000000000000e+00	1.3750000000000000e+02	0.0000000000000000e+00	-3.8326375500743411e-08
211968	5.7500000000000000e+02	0	1	288	388	288	0.0000000000000000e+00	1.3888888888888891e+02	0.0000000000000000e+00	-2.7136121511035641e-08
211968	5.7500000000000000e+02	0	1	288	389	288	0.0000000000000000e+00	1.4027777777777771e+02	0.0000000000000000e+00	3.5449224827042077e-08
211968	5.7500000000000000e+02	0	1	288	390	288	0.0000000000000000e+00	1.4166666666666663e+02	0.0000000000000000e+00	6.7640373857490183e-08
211968	5.7500000000000000e+02	0	1	288	391	288	0.0000000000000000e+00	1.4305555555555554e+02	0.0000000000000000e+00	4.3332278063774589e-08
211968	5.7500000000000000e+02	0	1	288	392	288	0.0000000000000000e+00	1.4444444444444446e+02	0.0000000000000000e+00	8.9409786939993029e-09
211968	5.7500000000000000e+02	0	1	288	393	288	0.0000000000000000e+00	1.4583333333333326e+02	0.0000000000000000e+00	2.1195166206811059e-09
211968	5.7500000000000000e+02	0	1	288	394	288	0.0000000000000000e+00	1.4722222222222217e+02	0.0000000000000000e+00	9.0343295373760493e-09
211968	5.7500000000000000e+02	0	1	288	395	288	0.0000000000000000e+00	1.4861111111111109e+02	0.0000000000000000e+00	8.8745157292412296e-09
211968	5.7500000000000000e+02	0	1	288	396	288	0.0000000000000000e+00	1.5000000000000000e+02	0.0000000000000000e+00	7.2007814359644127e-09
211968	5.7500000000000000e+02	0	1	288	397	288	0.0000000000000000e+00	1.5138888888888891e+02	0.0000000000000000e+00	9.4388128716302950e-09
211968	5.7500000000000000e+02	0	1	288	398	288	0.0000000000000000e+00	1.5277777777777771e+02	0.0000000000000000e+00	5.1103853718302273e-09
211968	5.7500000000000000e+02	0	1	288	399	288	0.0000000000000000e+00	1.5416666666666663e+02	0.0000000000000000e+00	-5.5368146639970671e-09
211968	5.7500000000000000e+02	0	1	288	400	288	0.0000000000000000e+00	1.5555555555555554e+02	0.0000000000000000e+00	-3.2892849224436305e-09
211968	5.7500000000000000e+02	0	1	288	401	288	0.0000000000000000e+00	1.5694444444444446e+02	0.0000000000000000e+00	1.5919713905309175e-08
211968	5.7500000000000000e+02	0	1	288	402	288	0.0000000000000000e+00	1.5833333333333326e+02	0.0000000000000000e+00	2.6755139152379690e-08
211968	5.7500000000000000e+02	0	1	288	403	288	0.0000000000000000e+00	1.5972222222222217e+02	0.0000000000000000e+00	1.2440095382914030e-08
211968	5.7500000000000000e+02	0	1	288	404	288	0.0000000000000000e+00	1.6111111111111109e+02	0.0000000000000000e+00	-7.2847404604703061e-09
211968	5.7500000000000000e+02	0	1	288	405	288	0.0000000000000000e+00	1.6250000000000000e+02	0.0000000000000000e+00	-5.4414315643195138e-09
211968	5.7500000000000000e+02	0	1	288	406	288	0.0000000000000000e+00	1.6388888888888891e+02	0.0000000000000000e+00	1.3971986501925969e-08
211968	5.7500000000000000e+02	0	1	288	407	288	0.0000000000000000e+00	1.6527777777777771e+02	0.0000000000000000e+00	2.3955250928921683e-08
211968	5.7500000000000000e+02	0	1	288	408	288	0.0000000000000000e+00	1.6666666666666663e+02	0.0000000000000000e+00	9.9670387064921634e-09
211968	5.7500000000000000e+02	0	1	288	409	288	0.0000000000000000e+00	1.6805555555555554e+02	0.0000000000000000e+00	-1.3692240022535733e-08
211968	5.7500000000000000e+02	0	1	288	410	288	0.0000000000000000e+00	1.6944444444444446e+02	0.0000000000000000e+00	-2.1324905017919022e-08
211968	5.7500000000000000e+02	0	1	288	411	288	0.0000000000000000e+00	1.7083333333333326e+02	0.0000000000000000e+00	-5.3083408714540150e-09
211968	5.7500000000000000e+02	0	1	288	412	288	0.0000000000000000e+00	1.7222222222222217e+02	0.0000000000000000e+00	1.6613649167409411e-08
211968	5.7500000000000000e+02	0	1	288	413	288	0.0000000000000000e+00	1.7361111111111109e+02	0.0000000000000000e+00	2.3636492774692587e-08
211968	5.7500000000000000e+02	0	1	288	414	288	0.0000000000000000e+00	1.7500000000000000e+02	0.0000000000000000e+00	1.3841354210263009e-08
211968	5.7500000000000000e+02	0	1	288	415	288	0.0000000000000000e+00	1.7638888888888891e+02	0.0000000000000000e+00	1.0317849682299424e-09
211968	5.7500000000000000e+02	0	1	288	416	288	0.0000000000000000e+00	1.7777777777777771e+02	0.0000000000000000e+00	-3.0471838319698307e-09
211968	5.7500000000000000e+02	0	1	288	417	288	0.0000000000000000e+00	1.7916666666666663e+02	0.0000000000000000e+00	1.6199044798874152e-09
211968	5.7500000000000000e+02	0	1	288	418	288	0.0000000000000000e+00	1.8055555555555554e+02	0.0000000000000000e+00	7.5613384269396258e-09
211968	5.7500000000000000e+02	0	1	288	419	288	0.0000000000000000e+00	1.8194444444444446e+02	0.0000000000000000e+00	8.8372874817153138e-09
211968	5.7500000000000000e+02	0	1	288	420	288	0.0000000000000000e+00	1.8333333333333326e+02	0.0000000000000000e+00	5.5924460780910507e-09
211968	5.7500000000000000e+02	0	1	288	421	288	0.0000000000000000e+00	1.8472222222222217e+02	0.0000000000000000e+00	1.7508921711733175e-09
211968	5.7500000000000000e+02	0	1	288	422	288	0.0000000000000000e+00	1.8611111111111109e+02	0.0000000000000000e+00	8.1748693612353992e-11
211968	5.7500000000000000e+02	0	1	288	423	288	0.0000000000000000e+00	1.8750000000000000e+02	0.0000000000000000e+00	3.0503490049044809e-10
211968	5.7500000000000000e+02	0	1	288	424	288	0.0000000000000000e+00	1.8888888888888891e+02	0.0000000000000000e+00	9.7983433709862990e-10
211968	5.7500000000000000e+02	0	1	288	425	288	0.0000000000000000e+00	1.9027777777777771e+02	0.0000000000000000e+00	1.4657386558816346e-09
211968	5.7500000000000000e+02	0	1	288	426	288	0.0000000000000000e+00	1.9166666666666663e+02	0.0000000000000000e+00	1.7854835970495909e-09
211968	5.7500000000000000e+02	0	1	288	427	288	0.0000000000000000e+00	1.9305555555555554e+02	0.0000000000000000e+00	1.8336128500612888e-09
211968	5.7500000000000000e+02	0	1	288	428	288	0.0000000000000000e+00	1.9444444444444446e+02	0.0000000000000000e+00	1.4648755870023033e-09
211968	5.7500000000000000e+02	0	1	288	429	288	0.0000000000000000e+00	1.9583333333333326e+02	0.0000000000000000e+00	9.0455568084659497e-10
211968	5.7500000000000000e+02	0	1	288	430	288	0.0000000000000000e+00	1.9722222222222217e+02	0.0000000000000000e+00	7.0499357432785657e-10
211968	5.7500000000000000e+02	0	1	288	431	288	0.0000000000000000e+00	1.9861111111111109e+02	0.0000000000000000e+00	1.4953855246223602e-09
211968	5.7500000000000000e+02	0	1	288	432	288	0.0000000000000000e+00	2.0000000000000000e+02	0.0000000000000000e+00	3.5939508003285101e-09
211968	5.7500000000000000e+02	0	1	288	433	288	0.0000000000000000e+00	2.0138888888888891e+02	0.0000000000000000e+00	6.3970157981373996e-09
211968	5.7500000000000000e+02	0	1	288	434	288	0.0000000000000000e+00	2.0277777777777771e+02	0.0000000000000000e+00	8.3017583259641700e-09
211968	5.7500000000000000e+02	0	1	288	435	288	0.0000000000000000e+00	2.0416666666666663e+02	0.0000000000000000e+00	7.5584239227642041e-09
211968	5.7500000000000000e+02	0	1	288	436	288	0.0000000000000000e+00	2.0555555555555554e+02	0.0000000000000000e+00	3.2961337279840022e-09
211968	5.7500000000000000e+02	0	1	288	437	288	0.0000000000000000e+00	2.0694444444444446e+02	0.0000000000000000e+00	-3.6439658727745526e-09
211968	5.7500000000000000e+02	0	1	288	438	288	0.0000000000000000e+00	2.0833333333333326e+02	0.0000000000000000e+00	-1.0665707172559112e-08
211968	5.7500000000000000e+02	0	1	288	439	288	0.0000000000000000e+00	2.0972222222222217e+02	0.0000000000000000e+00	-1.5656187948426095e-08
211968	5.7500000000000000e+02	0	1	288	440	288	0.0000000000000000e+00	2.1111111111111109e+02	0.0000000000000000e+00	-1.8658291827580926e-08
211968	5.7500000000000000e+02	0	1	288	441	288	0.0000000000000000e+00	2.1250000000000000e+02	0.0000000000000000e+00	-1.7559929102240093e-08
211968	5.7500000000000000e+02	0	1	288	442	288	0.0000000000000000e+00	2.1388888888888891e+02	0.0000000000000000e+00	-5.9355086657291345e-09
211968	5.7500000000000000e+02	0	1	288	443	288	0.0000000000000000e+00	2.1527777777777771e+02	0.0000000000000000e+00	1.3610756289198150e-08
211968	5.7500000000000000e+02	0	1	288	444	288	0.0000000000000000e+00	2.1666666666666663e+02	0.0000000000000000e+00	2.1617567000192438e-08
211968	5.7500000000000000e+02	0	1	288	445	288	0.0000000000000000e+00	2.1805555555555554e+02	0.0000000000000000e+00	1.0897731189735990e-08
211968	5.7500000000000000e+02	0	1	288	446	288	0.0000000000000000e+00	2.1944444444444446e+02	0.0000000000000000e+00	7.4980832517797879e-09
211968	5.7500000000000000e+02	0	1	288	447	288	0.0000000000000000e+00	2.2083333333333326e+02	0.0000000000000000e+00	2.5886448483380350e-08
211968	5.7500000000000000e+02	0	1	288	448	288	0.0000000000000000e+00	2.2222222222222217e+02	0.0000000000000000e+00	2.2545092392717986e-08
211968	5.7500000000000000e+02	0	1	288	449	288	0.0000000000000000e+00	2.2361111111111109e+02	0.0000000000000000e+00	0.0000000000000000e+00
211968	5.7500000000000000e+02	0	1	288	450	288	0.0000000000000000e+00	2.2500000000000000e+02	0.0000000000000000e+00	0.0000000000000000e+00
211968	5.7500000000000000e+02	0	1	288	451	288	0.0000000000000000e+00	2.2638888888888891e+02	0.0000000000000000e+00	0.0000000000000000e+00
211968	5.7500000000000000e+02	0	1	288	452	288	0.0000000000000000e+00	2.2777777777777771e+02	0.0000000000000000e+00	0.0000000000000000e+00
211968	5.7500000000000000e+02	0	2	576	412	576	0.0000000000000000e+00	-1.1388888888888891e+02	0.0000000000000000e+00	9.7374464757620585e-02
211968	5.7500000000000000e+02	0	2	576	413	576	0.0000000000000000e+00	-1.1319444444444446e+02	0.0000000000000000e+00	-5.8251614367854189e-06
211968	5.7500000000000000e+02	0	2	576	414	576	0.0000000000000000e+00	-1.1250000000000000e+02	0.0000000000000000e+00	-2.6240898688596027e-05
211968	5.7500000000000000e+02	0	2	576	415	576	0.0000000000000000e+00	-1.1180555555555554e+02	0.0000000000000000e+00	-1.6220084912513194e-01
211968	5.7500000000000000e+02	0	2	576	416	576	0.0000000000000000e+00	-1.1111111111111114e+02	0.0000000000000000e+00	-8.3304355325874228e-10
211968	5.7500000000000000e+02	0	2	576	417	576	0.0000000000000000e+00	-1.1041666666666669e+02	0.0000000000000000e+00	2.8647571812423441e-08
211968	5.7500000000000000e+02	0	2	576	418	576	0.0000000000000000e+00	-1.0972222222222223e+02	0.0000000000000000e+00	5.4642257278955465e-08
211968	5.7500000000000000e+02	0	2	576	419	576	0.0000000000000000e+00	-1.0902777777777777e+02	0.0000000000000000e+00	4.2560172664298394e-08
211968	5.7500000000000000e+02	0	2	576	420	576	0.0000000000000000e+00	-1.0833333333333337e+02	0.0000000000000000e+00	1.4093440961636683e-08
211968	5.7500000000000000e+02	0	2	576	421	576	0.0000000000000000e+00	-1.0763888888888891e+02	0.0000000000000000e+00	-2.7289867172311412e-08
211968	5.7500000000000000e+02	0	2	576	422	576	0.0000000000000000e+00	-1.0694444444444446e+02	0.0000000000000000e+00	-6.3080606047821648e-08
211968	5.7500000000000000e+02	0	2	576	423	576	0.0000000000000000e+00	-1.0625000000000000e+02	0.0000000000000000e+00	-3.3284637757588627e-08
211968	5.7500000000000000e+02	0	2	576	424	576	0.0000000000000000e+00	-1.0555555555555554e+02	0.0000000000000000e+00	6.0654380165212146e-08
211968	5.7500000000000000e+02	0	2	576	425	576	0.0000000000000000e+00	-1.0486111111111114e+02	0.0000000000000000e+00	1.0877219660403093e-07
211968	5.7500000000000000e+02	0	2	576	426	576	0.0000000000000000e+00	-1.0416666666666669e+02	0.0000000000000000e+00	3.7562089102621331e-08
211968	5.7500000000000000e+02	0	2	576	427	576	0.0000000000000000e+00	-1.0347222222222223e+02	0.0000000000000000e+00	-7.2839639516526749e-08
211968	5.7500000000000000e+02	0	2	576	428	576	0.0000000000000000e+00	-1.0277777777777777e+02	0.0000000000000000e+00	-9.6385590960871577e-08
211968	5.7500000000000000e+02	0	2	576	429	576	0.0000000000000000e+00	-1.0208333333333337e+02	0.0000000000000000e+00	-2.3807797731299205e-08
211968	5.7500000000000000e+02	0	2	576	430	576	0.0000000000000000e+00	-1.0138888888888891e+02	0.0000000000000000e+00	5.4249195108169070e-08
211968	5.7500000000000000e+02	0	2	576	431	576	0.0000000000000000e+00	-1.0069444444444446e+02	0.0000000000000000e+00	7.8357118264958559e-08
211968	5.7500000000000000e+02	0	2	576	432	576	0.0000000000000000e+00	-1.0000000000000000e+02	0.0000000000000000e+00	6.7296136151575566e-08
211968	5.7500000000000000e+02	0	2	576	433	576	0.0000000000000000e+00	-9.9305555555555543e+01	0.0000000000000000e+00	5.8937331411838566e-08
211968	5.7500000000000000e+02	0	2	576	434	576	0.0000000000000000e+00	-9.8611111111111143e+01	0.0000000000000000e+00	6.0304282945013430e-08
211968	5.7500000000000000e+02	0	2	576	435	576	0.0000000000000000e+00	-9.7916666666666686e+01	0.0000000000000000e+00	5.8676317879555995e-08
211968	5.7500000000000000e+02	0	2	576	436	576	0.0000000000000000e+00	-9.7222222222222229e+01	0.0000000000000000e+00	5.0470082308961588e-08
211968	5.7500000000000000e+02	0	2	576	437	576	0.0000000000000000e+00	-9.6527777777777771e+01	0.0000000000000000e+00	4.4326647386073899e-08
211968	5.7500000000000000e+02	0	2	576	438	576	0.0000000000000000e+00	-9.5833333333333371e+01	0.0000000000000000e+00	4.4022133633033397e-08
211968	5.7500000000000000e+02	0	2	576	439	576	0.0000000000000000e+00	-9.5138888888888914e+01	0.0000000000000000e+00	4.1758095995066066e-08
211968	5.7500000000000000e+02	0	2	576	440	576	0.0000000000000000e+00	-9.4444444444444457e+01	0.0000000000000000e+00	3.0172277785780461e-08
211968	5.7500000000000000e+02	0	2	576	441	576	0.0000000000000000e+00	-9.3750000000000000e+01	0.0000000000000000e+00	1.1442161677270926e-08
211968	5.7500000000000000e+02	0	2	576	442	576	0.0000000000000000e+00	-9.3055555555555543e+01	0.0000000000000000e+00	-6.9057642256900784e-09
211968	5.7500000000000000e+02	0	2	576	443	576	0.0000000000000000e+00	-9.2361111111111143e+01	0.0000000000000000e+00	-1.8723463570391143e-08
211968	5.7500000000000000e+02	0	2	576	444	576	0.0000000000000000e+00	-9.1666666666666686e+01	0.0000000000000000e+00	-2.2961110082096579e-08
211968	5.7500000000000000e+02	0	2	576	445	576	0.0000000000000000e+00	-9.0972222222222229e+01	0.0000000000000000e+00	-2.4193880784533248e-08
211968	5.7500000000000000e+02	0	2	576	446	576	0.0000000000000000e+00	-9.0277777777777771e+01	0.0000000000000000e+00	-2.8308764068533525e-08
211968	5.7500000000000000e+02	0	2	576	447	576	0.0000000000000000e+00	-8.9583333333333371e+01	0.0000000000000000e+00	-3.6505313586302838e-08
211968	5.7500000000000000e+02	0	2	576	448	576	0.0000000000000000e+00	-8.8888888888888914e+01	0.0000000000000000e+00	-4.3696380634292323e-08
211968	5.7500000000000000e+02	0	2	576	449	576	0.0000000000000000e+00	-8.8194444444444457e+01	0.0000000000000000e+00	-4.2918898375745247e-08
211968	5.7500000000000000e+02	0	2	576	450	576	0.0000000000000000e+00	-8.7500000000000000e+01	0.0000000000000000e+00	-3.1873545209814583e-08
211968	5.7500000000000000e+02	0	2	576	451	576	0.0000000000000000e+00	-8.6805555555555543e+01	0.0000000000000000e+00	-1.5886917691525939e-08
211968	5.7500000000000000e+02	0	2	576	452	576	0.0000000000000000e+00	-8.6111111111111143e+01	0.0000000000000000e+00	-4.1614526874998265e-09
211968	5.7500000000000000e+02	0	2	576	453	576	0.0000000000000000e+00	-8.5416666666666686e+01	0.0000000000000000e+00	-1.9346212774619870e-09
211968	5.7500000000000000e+02	0	2	576	454	576	0.0000000000000000e+00	-8.4722222222222229e+01	0.0000000000000000e+00	-5.3998269237689454e-09
211968	5.7500000000000000e+02	0	2	576	455	576	0.0000000000000000e+00	-8.4027777777777771e+01	0.0000000000000000e+00	-4.8060563209083026e-09
211968	5.7500000000000000e+02	0	2	576	456	576	0.0000000000000000e+00	-8.3333333333333371e+01	0.0000000000000000e+00	5.9579570119618488e-09
211968	5.7500000000000000e+02	0	2	576	457	576	0.0000000000000000e+00	-8.2638888888888914e+01	0.0000000000000000e+00	2.2245662664346113e-08
211968	5.7500000000000000e+02	0	2	576	458	576	0.0000000000000000e+00	-8.1944444444444457e+01	0.0000000000000000e+00	3.1688997173479781e-08
211968	5.7500000000000000e+02	0	2	576	459	576	0.0000000000000000e+00	-8.1250000000000000e+01	0.0000000000000000e+00	2.5629476090820401e-08
211968	5.7500000000000000e+02	0	2	576	460	576	0.0000000000000000e+00	-8.0555555555555543e+01	0.0000000000000000e+00	8.4507258272111660e-09
211968	5.7500000000000000e+02	0	2	576	461	576	0.0000000000000000e+00	-7.9861111111111143e+01	0.0000000000000000e+00	-5.3028029510730770e-09
211968	5.7500000000000000e+02	0	2	576	462	576	0.0000000000000000e+00	-7.9166666666666686e+01	0.0000000000000000e+00	-4.4183380285491574e-09
211968	5.7500000000000000e+02	0	2	576	463	576	0.0000000000000000e+00	-7.8472222222222229e+01	0.0000000000000000e+00	8.2923079801322331e-09
211968	5.7500000000000000e+02	0	2	576	464	576	0.0000000000000000e+00	-7.7777777777777771e+01	0.0000000000000000e+00	1.8989196844479906e-08
211968	5.7500000000000000e+02	0	2	576	465	576	0.0000000000000000e+00	-7.7083333333333371e+01	0.0000000000000000e+00	1.6118976698753215e-08
211968	5.7500000000000000e+02	0	2	576	466	576	0.0000000000000000e+00	-7.6388888888888914e+01	0.0000000000000000e+00	9.1341838244430564e-10
211968	5.7500000000000000e+02	0	2	576	467	576	0.0000000000000000e+00	-7.5694444444444457e+01	0.0000000000000000e+00	-1.4336043487809931e-08
211968	5.7500000000000000e+02	0	2	576	468	576	0.0000000000000000e+00	-7.5000000000000000e+01	0.0000000000000000e+00	-1.7845456455465423e-08
211968	5.7500000000000000e+02	0	2	576	469	576	0.0000000000000000e+00	-7.4305555555555543e+01	0.0000000000000000e+00	-8.4078990832106001e-09
211968	5.7500000000000000e+02	0	2	576	470	576	0.0000000000000000e+00	-7.3611111111111143e+01	0.0000000000000000e+00	5.2487493401401393e-09
211968	5.7500000000000000e+02	0	2	576	471	576	0.0000000000000000e+00	-7.2916666666666686e+01	0.0000000000000000e+00	1.3530174808047910e-08
211968	5.7500000000000000e+02	0	2	576	472	576	0.0000000000000000e+00	-7.2222222222222229e+01	0.0000000000000000e+00	1.3322959642394638e-08
211968	5.7500000000000000e+02	0	2	576	473	576	0.0000000000000000e+00	-7.1527777777777771e+01	0.0000000000000000e+00	7.8210002155532035e-09
211968	5.7500000000000000e+02	0	2	576	474	576	0.0000000000000000e+00	-7.0833333333333371e+01	0.0000000000000000e+00	2.1526115868249428e-09
211968	5.7500000000000000e+02	0	2	576	475	576	0.0000000000000000e+00	-7.0138888888888914e+01	0.0000000000000000e+00	2.0156393336709504e-10
211968	5.7500000000000000e+02	0	2	576	476	576	0.0000000000000000e+00	-6.9444444444444457e+01	0.0000000000000000e+00	3.3496165971166018e-09
211968	5.7500000000000000e+02	0	2	576	477	576	0.0000000000000000e+00	-6.8750000000000000e+01	0.0000000000000000e+00	9.7939905508468685e-09
211968	5.7500000000000000e+02	0	2	576	478	576	0.0000000000000000e+00	-6.8055555555555543e+01	0.0000000000000000e+00	1.5378901831351022e-08
211968	5.7500000000000000e+02	0	2	576	479	576	0.0000000000000000e+00	-6.7361111111111143e+01	0.0000000000000000e+00	1.6722647975336436e-08
211968	5.7500000000000000e+02	0	2	576	480	576	0.0000000000000000e+00	-6.6666666666666686e+01	0.0000000000000000e+00	1.3822764440604884e-08
211968	5.7500000000000000e+02	0	2	576	481	576	0.0000000000000000e+00	-6.5972222222222229e+01	0.0000000000000000e+00	9.1274099639791724e-09
211968	5.7500000000000000e+02	0	2	576	482	576	0.0000000000000000e+00	-6.5277777777777771e+01	0.0000000000000000e+00	4.6085846556826845e-09
211968	5.7500000000000000e+02	0	2	576	483	576	0.0000000000000000e+00	-6.4583333333333371e+01	0.0000000000000000e+00	6.5796833803107502e-10
211968	5.7500000000000000e+02	0	2	576	484	576	0.0000000000000000e+00	-6.3888888888888914e+01	0.0000000000000000e+00	-2.6319203582297277e-09
211968	5.7500000000000000e+02	0	2	576	485	576	0.0000000000000000e+00	-6.3194444444444457e+01	0.0000000000000000e+00	-4.8384273048016823e-09
211968	5.7500000000000000e+02	0	2	576	486	576	0.0000000000000000e+00	-6.2500000000000000e+01	0.0000000000000000e+00	-6.2268454390284886e-09
211968	5.7500000000000000e+02	0	2	576	487	576	0.0000000000000000e+00	-6.1805555555555543e+01	0.0000000000000000e+00	-7.3185061788039342e-09
211968	5.7500000000000000e+02	0	2	576	488	576	0.0000000000000000e+00	-6.1111111111111143e+01	0.0000000000000000e+00	-7.2879743051551465e-09
211968	5.7500000000000000e+02	0	2	576	489	576	0.0000000000000000e+00	-6.0416666666666686e+01	0.0000000000000000e+00	-5.4744004924897420e-09
211968	5.7500000000000000e+02	0	2	576	490	576	0.0000000000000000e+00	-5.9722222222222229e+01	0.0000000000000000e+00	-3.1169437151510869e-09
211968	5.7500000000000000e+02	0	2	576	491	576	0.0000000000000000e+00	-5.9027777777777771e+01	0.0000000000000000e+00	-4.7152579438669449e-10
211968	5.7500000000000000e+02	0	2	576	492	576	0.0000000000000000e+00	-5.8333333333333371e+01	0.0000000000000000e+00	4.6734563714217203e-09
211968	5.7500000000000000e+02	0	2	576	493	576	0.0000000000000000e+00	-5.7638888888888914e+01	0.0000000000000000e+00	1.3317578775081001e-08
211968	5.7500000000000000e+02	0	2	576	494	576	0.0000000000000000e+00	-5.6944444444444457e+01	0.0000000000000000e+00	2.3596774217281957e-08
211968	5.7500000000000000e+02	0	2	576	495	576	0.0000000000000000e+00	-5.6250000000000000e+01	0.0000000000000000e+00	3.2606409423269294e-08
211968	5.7500000000000000e+02	0	2	576	496	576	0.0000000000000000e+00	-5.5555555555555543e+01	0.0000000000000000e+00	3.7389165854353285e-08
211968	5.7500000000000000e+02	0	2	576	497	576	0.0000000000000000e+00	-5.4861111111111143e+01	0.0000000000000000e+00	3.5220724480105911e-08
211968	5.7500000000000000e+02	0	2	576	498	576	0.0000000000000000e+00	-5.4166666666666686e+01	0.0000000000000000e+00	2.5361933836261584e-08
211968	5.7500000000000000e+02	0	2	576	499	576	0.0000000000000000e+00	-5.3472222222222229e+01	0.0000000000000000e+00	1.4338001205976801e-08
211968	5.7500000000000000e+02	0	2	576	500	576	0.0000000000000000e+00	-5.2777777777777771e+01	0.0000000000000000e+00	6.9306471136003020e-09
211968	5.7500000000000000e+02	0	2	576	501	576	0.0000000000000000e+00	-5.2083333333333371e+01	0.0000000000000000e+00	2.7121497651891597e-09
211968	5.7500000000000000e+02	0	2	576	502	576	0.0000000000000000e+00	-5.1388888888888914e+01	0.0000000000000000e+00	-5.4090271620679474e-10
211968	5.7500000000000000e+02	0	2	576	503	576	0.0000000000000000e+00	-5.0694444444444457e+01	0.0000000000000000e+00	-7.7818409416011468e-09
211968	5.7500000000000000e+02	0	2	576	504	576	0.0000000000000000e+00	-5.0000000000000000e+01	0.0000000000000000e+00	-2.7711734927043261e-08
211968	5.7500000000000000e+02	0	2	576	505	576	0.0000000000000000e+00	-4.9305555555555543e+01	0.0000000000000000e+00	-5.1296542914835809e-08
211968	5.7500000000000000e+02	0	2	576	506	576	0.0000000000000000e+00	-4.8611111111111143e+01	0.0000000000000000e+00	-5.6484802584406453e-08
211968	5.7500000000000000e+02	0	2	576	507	576	0.0000000000000000e+00	-4.7916666666666686e+01	0.0000000000000000e+00	-3.5086887070047059e-08
211968	5.7500000000000000e+02	0	2	576	508	576	0.0000000000000000e+00	-4.7222222222222229e+01	0.0000000000000000e+00	7.1366336698748319e-09
211968	5.7500000000000000e+02	0	2	576	509	576	0.0000000000000000e+00	-4.6527777777777771e+01	0.0000000000000000e+00	5.2048405445704592e-08
211968	5.7500000000000000e+02	0	2	576	510	576	0.0000000000000000e+00	-4.5833333333333371e+01	0.0000000000000000e+00	7.3968807007836954e-08
211968	5.7500000000000000e+02	0	2	576	511	576	0.0000000000000000e+00	-4.5138888888888914e+01	0.0000000000000000e+00	5.8287208951300087e-08
211968	5.7500000000000000e+02	0	2	576	512	576	0.0000000000000000e+00	-4.4444444444444457e+01	0.0000000000000000e+00	1.2195001931234449e-08
211968	5.7500000000000000e+02	0	2	576	513	576	0.0000000000000000e+00	-4.3750000000000000e+01	0.0000000000000000e+00	-3.9430399682689353e-08
211968	5.7500000000000000e+02	0	2	576	514	576	0.0000000000000000e+00	-4.3055555555555543e+01	0.0000000000000000e+00	-6.6871072405817985e-08
211968	5.7500000000000000e+02	0	2	576	515	576	0.0000000000000000e+00	-4.2361111111111143e+01	0.0000000000000000e+00	-5.2447219264641091e-08
211968	5.7500000000000000e+02	0	2	576	516	576	0.0000000000000000e+00	-4.1666666666666686e+01	0.0000000000000000e+00	-4.6295717072939329e-09
211968	5.7500000000000000e+02	0	2	576	517	576	0.0000000000000000e+00	-4.0972222222222229e+01	0.0000000000000000e+00	4.4892891467757261e-08
211968	5.7500000000000000e+02	0	2	576	518	576	0.0000000000000000e+00	-4.0277777777777771e+01	0.0000000000000000e+00	6.3867728904432736e-08
211968	5.7500000000000000e+02	0	2	576	519	576	0.0000000000000000e+00	-3.9583333333333371e+01	0.0000000000000000e+00	4.1265837832003974e-08
211968	5.7500000000000000e+02	0	2	576	520	576	0.0000000000000000e+00	-3.8888888888888914e+01	0.0000000000000000e+00	-3.3561211461497250e-09
211968	5.7500000000000000e+02	0	2	576	521	576	0.0000000000000000e+00	-3.8194444444444457e+01	0.0000000000000000e+00	-3.4148430044116011e-08
211968	5.7500000000000000e+02	0	2	576	522	576	0.0000000000000000e+00	-3.7500000000000000e+01	0.0000000000000000e+00	-3.3574423725669649e-08
211968	5.7500000000000000e+02	0	2	576	523	576	0.0000000000000000e+00	-3.6805555555555543e+01	0.0000000000000000e+00	-7.5069028013582366e-09
211968	5.7500000000000000e+02	0	2	576	524	576	0.0000000000000000e+00	-3.6111111111111143e+01	0.0000000000000000e+00	2.6993707187628779e-08
211968	5.7500000000000000e+02	0	2	576	525	576	0.0000000000000000e+00	-3.5416666666666686e+01	0.0000000000000000e+00	4.9333883136313088e-08
211968	5.7500000000000000e+02	0	2	576	526	576	0.0000000000000000e+00	-3.4722222222222229e+01	0.0000000000000000e+00	4.9188460372193759e-08
211968	5.7500000000000000e+02	0	2	576	527	576	0.0000000000000000e+00	-3.4027777777777771e+01	0.0000000000000000e+00	3.3772989113766908e-08
211968	5.7500000000000000e+02	0	2	576	528	576	0.0000000000000000e+00	-3.3333333333333371e+01	0.0000000000000000e+00	2.0140430435247779e-08
211968	5.7500000000000000e+02	0	2	576	529	576	0.0000000000000000e+00	-3.2638888888888914e+01	0.0000000000000000e+00	2.1212259319547492e-08
211968	5.7500000000000000e+02	0	2	576	530	576	0.0000000000000000e+00	-3.1944444444444457e+01	0.0000000000000000e+00	3.6100549952082098e-08
211968	5.7500000000000000e+02	0	2	576	531	576	0.0000000000000000e+00	-3.1250000000000000e+01	0.0000000000000000e+00	5.2611976571211372e-08
211968	5.7500000000000000e+02	0	2	576	532	576	0.0000000000000000e+00	-3.0555555555555543e+01	0.0000000000000000e+00	5.9054320307491955e-08
211968	5.7500000000000000e+02	0	2	576	533	576	0.0000000000000000e+00	-2.9861111111111143e+01	0.0000000000000000e+00	5.3781422680491135e-08
211968	5.7500000000000000e+02	0	2	576	534	576	0.0000000000000000e+00	-2.9166666666666686e+01	0.0000000000000000e+00	4.6574420190581201e-08
211968	5.7500000000000000e+02	0	2	576	535	576	0.0000000000000000e+00	-2.8472222222222229e+01	0.0000000000000000e+00	4.8713952592708797e-08
211968	5.7500000000000000e+02	0	2	576	536	576	0.0000000000000000e+00	-2.7777777777777771e+01	0.0000000000000000e+00	6.4612878767982425e-08
211968	5.7500000000000000e+02	0	2	576	537	576	0.0000000000000000e+00	-2.7083333333333371e+01	0.0000000000000000e+00	8.7138920363139103e-08
211968	5.7500000000000000e+02	0	2	576	538	576	0.0000000000000000e+00	-2.6388888888888914e+01	0.0000000000000000e+00	1.0803841505059176e-07
211968	5.7500000000000000e+02	0	2	576	539	576	0.0000000000000000e+00	-2.5694444444444457e+01	0.0000000000000000e+00	1.2508491542980421e-07
211968	5.7500000000000000e+02	0	2	576	540	576	0.0000000000000000e+00	-2.5000000000000000e+01	0.0000000000000000e+00	1.3919857688597536e-07
211968	5.7500000000000000e+02	0	2	576	541	576	0.0000000000000000e+00	-2.4305555555555543e+01	0.0000000000000000e+00	1.5547083803660249e-07
211968	5.7500000000000000e+02	0	2	576	542	576	0.0000000000000000e+00	-2.3611111111111143e+01	0.0000000000000000e+00	1.7996275253705373e-07
211968	5.7500000000000000e+02	0	2	576	543	576	0.0000000000000000e+00	-2.2916666666666686e+01	0.0000000000000000e+00	2.1397280866043513e-07
211968	5.7500000000000000e+02	0	2	576	544	576	0.0000000000000000e+00	-2.2222222222222229e+01	0.0000000000000000e+00	2.5671463127572367e-07
211968	5.7500000000000000e+02	0	2	576	545	576	0.0000000000000000e+00	-2.1527777777777771e+01	0.0000000000000000e+00	3.0844145909014943e-07
211968	5.7500000000000000e+02	0	2	576	546	576	0.0000000000000000e+00	-2.0833333333333371e+01	0.0000000000000000e+00	3.7128563856928845e-07
211968	5.7500000000000000e+02	0	2	576	547	576	0.0000000000000000e+00	-2.0138888888888914e+01	0.0000000000000000e+00	4.4835012248645868e-07
211968	5.7500000000000000e+02	0	2	576	548	576	0.0000000000000000e+00	-1.9444444444444457e+01	0.0000000000000000e+00	5.4460777448646995e-07
211968	5.7500000000000000e+02	0	2	576	549	576	0.0000000000000000e+00	-1.8750000000000000e+01	0.0000000000000000e+00	6.6900442720705798e-07
211968	5.7500000000000000e+02	0	2	576	550	576	0.0000000000000000e+00	-1.8055555555555543e+01	0.0000000000000000e+00	8.3526677844692746e-07
211968	5.7500000000000000e+02	0	2	576	551	576	0.0000000000000000e+00	-1.7361111111111143e+01	0.0000000000000000e+00	1.0597568467827575e-06
211968	5.7500000000000000e+02	0	2	576	552	576	0.0000000000000000e+00	-1.6666666666666686e+01	0.0000000000000000e+00	1.3543876941682683e-06
211968	5.7500000000000000e+02	0	2	576	553	576	0.0000000000000000e+00	-1.5972222222222229e+01	0.0000000000000000e+00	1.7382041641227366e-06
211968	5.7500000000000000e+02	0	2	576	554	576	0.0000000000000000e+00	-1.5277777777777771e+01	0.0000000000000000e+00	2.2535157052460396e-06
211968	5.7500000000000000e+02	0	2	576	555	576	0.0000000000000000e+00	-1.4583333333333371e+01	0.0000000000000000e+00	2.9648806484000527e-06
211968	5.7500000000000000e+02	0	2	576	556	576	0.0000000000000000e+00	-1.3888888888888914e+01	0.0000000000000000e+00	3.9578283340593619e-06
211968	5.7500000000000000e+02	0	2	576	557	576	0.0000000000000000e+00	-1.3194444444444457e+01	0.0000000000000000e+00	5.3581475539165206e-06
211968	5.7500000000000000e+02	0	2	576	558	576	0.0000000000000000e+00	-1.2500000000000000e+01	0.0000000000000000e+00	7.3694944639232145e-06
211968	5.7500000000000000e+02	0	2	576	559	576	0.0000000000000000e+00	-1.1805555555555543e+01	0.0000000000000000e+00	1.0316602088562923e-05
211968	5.7500000000000000e+02	0	2	576	560	576	0.0000000000000000e+00	-1.1111111111111143e+01	0.0000000000000000e+00	1.4718949999970539e-05
211968	5.7500000000000000e+02	0	2	576	561	576	0.0000000000000000e+00	-1.0416666666666686e+01	0.0000000000000000e+00	2.1455598544758350e-05
211968	5.7500000000000000e+02	0	2	576	562	576	0.0000000000000000e+00	-9.7222222222222285e+00	0.0000000000000000e+00	3.2058360262174419e-05
211968	5.7500000000000000e+02	0	2	576	563	576	0.0000000000000000e+00	-9.0277777777777715e+00	0.0000000000000000e+00	4.9260484567145360e-05
211968	5.7500000000000000e+02	0	2	576	564	576	0.0000000000000000e+00	-8.3333333333333712e+00	0.0000000000000000e+00	7.8134178823747579e-05
211968	5.7500000000000000e+02	0	2	576	565	576	0.0000000000000000e+00	-7.6388888888889142e+00	0.0000000000000000e+00	1.2855151883811751e-04
211968	5.7500000000000000e+02	0	2	576	566	576	0.0000000000000000e+00	-6.9444444444444571e+00	0.0000000000000000e+00	2.2063214208509614e-04
211968	5.7500000000000000e+02	0	2	576	567	576	0.0000000000000000e+00	-6.2500000000000000e+00	0.0000000000000000e+00	3.9782434414751194e-04
211968	5.7500000000000000e+02	0	2	576	568	576	0.0000000000000000e+00	-5.5555555555555429e+00	0.0000000000000000e+00	7.6021248109057983e-04
211968	5.7500000000000000e+02	0	2	576	569	576	0.0000000000000000e+00	-4.8611111111111427e+00	0.0000000000000000e+00	1.5553858279972734e-03
211968	5.7500000000000000e+02	0	2	576	570	576	0.0000000000000000e+00	-4.1666666666666856e+00	0.0000000000000000e+00	3.4453618691850075e-03
211968	5.7500000000000000e+02	0	2	576	571	576	0.0000000000000000e+00	-3.4722222222222285e+00	0.0000000000000000e+00	8.3701155287817103e-03
211968	5.7500000000000000e+02	0	2	576	572	576	0.0000000000000000e+00	-2.7777777777777715e+00	0.0000000000000000e+00	2.7186202729199777e-02
211968	5.7500000000000000e+02	0	2	576	573	576	0.0000000000000000e+00	-2.0833333333333712e+00	0.0000000000000000e+00	2.7484925621212297e-03
211968	5.7500000000000000e+02	0	2	576	574	576	0.0000000000000000e+00	-1.3888888888889142e+00	0.0000000000000000e+00	8.0997438140360578e-01
211968	5.7500000000000000e+02	0	2	576	575	576	0.0000000000000000e+00	-6.9444444444445708e-01	0.0000000000000000e+00	-2.8747510965125973e+00
211968	5.7500000000000000e+02	0	2	576	576	576	0.0000000000000000e+00	0.0000000000000000e+00	0.0000000000000000e+00	4.7607659207670616e-01
211968	5.7500000000000000e+02	0	2	576	577	576	0.0000000000000000e+00	6.9444444444445708e-01	0.0000000000000000e+00	-2.8747511778958370e+00
211968	5.7500000000000000e+02	0	2	576	578	576	0.0000000000000000e+00	1.3888888888888573e+00	0.0000000000000000e+00	8.0997438547966361e-01
211968	5.7500000000000000e+02	0	2	576	579	576	0.0000000000000000e+00	2.0833333333333144e+00	0.0000000000000000e+00	2.7484897548530410e-03
211968	5.7500000000000000e+02	0	2	576	580	576	0.0000000000000000e+00	2.7777777777777715e+00	0.0000000000000000e+00	2.7186202742483706e-02
211968	5.7500000000000000e+02	0	2	576	581	576	0.0000000000000000e+00	3.4722222222222285e+00	0.0000000000000000e+00	8.3701154700304824e-03
211968	5.7500000000000000e+02	0	2	576	582	576	0.0000000000000000e+00	4.1666666666666288e+00	0.0000000000000000e+00	3.4453618432048836e-03
211968	5.7500000000000000e+02	0	2	576	583	576	0.0000000000000000e+00	4.8611111111110858e+00	0.0000000000000000e+00	1.5553858186043764e-03
211968	5.7500000000000000e+02	0	2	576	584	576	0.0000000000000000e+00	5.5555555555555429e+00	0.0000000000000000e+00	7.6021247758794046e-04
211968	5.7500000000000000e+02	0	2	576	585	576	0.0000000000000000e+00	6.2500000000000000e+00	0.0000000000000000e+00	3.9782433979155141e-04
211968	5.7500000000000000e+02	0	2	576	586	576	0.0000000000000000e+00	6.9444444444444571e+00	0.0000000000000000e+00	2.2063213950016111e-04
211968	5.7500000000000000e+02	0	2	576	587	576	0.0000000000000000e+00	7.6388888888888573e+00	0.0000000000000000e+00	1.2855152026085696e-04
211968	5.7500000000000000e+02	0	2	576	588	576	0.0000000000000000e+00	8.3333333333333144e+00	0.0000000000000000e+00	7.8134179730196838e-05
211968	5.7500000000000000e+02	0	2	576	589	576	0.0000000000000000e+00	9.0277777777777715e+00	0.0000000000000000e+00	4.9260482452192738e-05
211968	5.7500000000000000e+02	0	2	576	590	576	0.0000000000000000e+00	9.7222222222222285e+00	0.0000000000000000e+00	3.2058359867280463e-05
211968	5.7500000000000000e+02	0	2	576	591	576	0.0000000000000000e+00	1.0416666666666629e+01	0.0000000000000000e+00	2.1455601122297627e-05
211968	5.7500000000000000e+02	0	2	576	592	576	0.0000000000000000e+00	1.1111111111111086e+01	0.0000000000000000e+00	1.4718949140622390e-05
211968	5.7500000000000000e+02	0	2	576	593	576	0.0000000000000000e+00	1.1805555555555543e+01	0.0000000000000000e+00	1.0316600283198289e-05
211968	5.7500000000000000e+02	0	2	576	594	576	0.0000000000000000e+00	1.2500000000000000e+01	0.0000000000000000e+00	7.3694974051118754e-06
211968	5.7500000000000000e+02	0	2	576	595	576	0.0000000000000000e+00	1.3194444444444457e+01	0.0000000000000000e+00	5.3581484730874811e-06
211968	5.7500000000000000e+02	0	2	576	596	576	0.0000000000000000e+00	1.3888888888888857e+01	0.0000000000000000e+00	3.9578260524552553e-06
211968	5.7500000000000000e+02	0	2	576	597	576	0.0000000000000000e+00	1.4583333333333314e+01	0.0000000000000000e+00	2.9648817202460317e-06
211968	5.7500000000000000e+02	0	2	576	598	576	0.0000000000000000e+00	1.5277777777777771e+01	0.0000000000000000e+00	2.2535181643124395e-06
211968	5.7500000000000000e+02	0	2	576	599	576	0.0000000000000000e+00	1.5972222222222229e+01	0.0000000000000000e+00	1.7382028002569652e-06
211968	5.7500000000000000e+02	0	2	576	600	576	0.0000000000000000e+00	1.6666666666666629e+01	0.0000000000000000e+00	1.3543869343559856e-06
211968	5.7500000000000000e+02	0	2	576	601	576	0.0000000000000000e+00	1.7361111111111086e+01	0.0000000000000000e+00	1.0597589527067615e-06
211968	5.7500000000000000e+02	0	2	576	602	576	0.0000000000000000e+00	1.8055555555555543e+01	0.0000000000000000e+00	8.3526695032668328e-07
211968	5.7500000000000000e+02	0	2	576	603	576	0.0000000000000000e+00	1.8750000000000000e+01	0.0000000000000000e+00	6.6900295647644142e-07
211968	5.7500000000000000e+02	0	2	576	604	576	0.0000000000000000e+00	1.9444444444444457e+01	0.0000000000000000e+00	5.4460871849184610e-07
211968	5.7500000000000000e+02	0	2	576	605	576	0.0000000000000000e+00	2.0138888888888857e+01	0.0000000000000000e+00	4.4835073229342531e-07
211968	5.7500000000000000e+02	0	2	576	606	576	0.0000000000000000e+00	2.0833333333333314e+01	0.0000000000000000e+00	3.7128503164682862e-07
211968	5.7500000000000000e+02	0	2	576	607	576	0.0000000000000000e+00	2.1527777777777771e+01	0.0000000000000000e+00	3.0844118612194663e-07
211968	5.7500000000000000e+02	0	2	576	608	576	0.0000000000000000e+00	2.2222222222222229e+01	0.0000000000000000e+00	2.5671414699398944e-07
211968	5.7500000000000000e+02	0	2	576	609	576	0.0000000000000000e+00	2.2916666666666629e+01	0.0000000000000000e+00	2.1397249593242912e-07
211968	5.7500000000000000e+02	0	2	576	610	576	0.0000000000000000e+00	2.3611111111111086e+01	0.0000000000000000e+00	1.7996304747853531e-07
211968	5.7500000000000000e+02	0	2	576	611	576	0.0000000000000000e+00	2.4305555555555543e+01	0.0000000000000000e+00	1.5547005201666578e-07
211968	5.7500000000000000e+02	0	2	576	612	576	0.0000000000000000e+00	2.5000000000000000e+01	0.0000000000000000e+00	1.3919730066790547e-07
211968	5.7500000000000000e+02	0	2	576	613	576	0.0000000000000000e+00	2.5694444444444457e+01	0.0000000000000000e+00	1.2508573082880897e-07
211968	5.7500000000000000e+02	0	2	576	614	576	0.0000000000000000e+00	2.6388888888888857e+01	0.0000000000000000e+00	1.0803917655173384e-07
211968	5.7500000000000000e+02	0	2	576	615	576	0.0000000000000000e+00	2.7083333333333314e+01	0.0000000000000000e+00	8.7137897645948748e-08
211968	5.7500000000000000e+02	0	2	576	616	576	0.0000000000000000e+00	2.7777777777777771e+01	0.0000000000000000e+00	6.4612737264020881e-08
211968	5.7500000000000000e+02	0	2	576	617	576	0.0000000000000000e+00	2.8472222222222229e+01	0.0000000000000000e+00	4.8714872325890390e-08
211968	5.7500000000000000e+02	0	2	576	618	576	0.0000000000000000e+00	2.9166666666666629e+01	0.0000000000000000e+00	4.6575397850145412e-08
211968	5.7500000000000000e+02	0	2	576	619	576	0.0000000000000000e+00	2.9861111111111086e+01	0.0000000000000000e+00	5.3781073913211298e-08
211968	5.7500000000000000e+02	0	2	576	620	576	0.0000000000000000e+00	3.0555555555555543e+01	0.0000000000000000e+00	5.9051874357517054e-08
211968	5.7500000000000000e+02	0	2	576	621	576	0.0000000000000000e+00	3.1250000000000000e+01	0.0000000000000000e+00	5.2613709590814037e-08
211968	5.7500000000000000e+02	0	2	576	622	576	0.0000000000000000e+00	3.1944444444444457e+01	0.0000000000000000e+00	3.6102816582558407e-08
211968	5.7500000000000000e+02	0	2	576	623	576	0.0000000000000000e+00	3.2638888888888857e+01	0.0000000000000000e+00	2.1208970798396115e-08
211968	5.7500000000000000e+02	0	2	576	624	576	0.0000000000000000e+00	3.3333333333333314e+01	0.0000000000000000e+00	2.0140635219831054e-08
211968	5.7500000000000000e+02	0	2	576	625	576	0.0000000000000000e+00	3.4027777777777771e+01	0.0000000000000000e+00	3.3775602537617817e-08
211968	5.7500000000000000e+02	0	2	576	626	576	0.0000000000000000e+00	3.4722222222222229e+01	0.0000000000000000e+00	4.9186642475072418e-08
211968	5.7500000000000000e+02	0	2	576	627	576	0.0000000000000000e+00	3.5416666666666629e+01	0.0000000000000000e+00	4.9333990877975088e-08
211968	5.7500000000000000e+02	0	2	576	628	576	0.0000000000000000e+00	3.6111111111111086e+01	0.0000000000000000e+00	2.6995306734971279e-08
211968	5.7500000000000000e+02	0	2	576	629	576	0.0000000000000000e+00	3.6805555555555543e+01	0.0000000000000000e+00	-7.5083701703532702e-09
211968	5.7500000000000000e+02	0	2	576	630	576	0.0000000000000000e+00	3.7500000000000000e+01	0.0000000000000000e+00	-3.3575423456779590e-08
211968	5.7500000000000000e+02	0	2	576	631	576	0.0000000000000000e+00	3.8194444444444457e+01	0.0000000000000000e+00	-3.4147505324211377e-08
211968	5.7500000000000000e+02	0	2	576	632	576	0.0000000000000000e+00	3.8888888888888857e+01	0.0000000000000000e+00	-3.3559690785615023e-09
211968	5.7500000000000000e+02	0	2	576	633	576	0.0000000000000000e+00	3.9583333333333314e+01	0.0000000000000000e+00	4.1264692896836599e-08
211968	5.7500000000000000e+02	0	2	576	634	576	0.0000000000000000e+00	4.0277777777777771e+01	0.0000000000000000e+00	6.3867627085752011e-08
211968	5.7500000000000000e+02	0	2	576	635	576	0.0000000000000000e+00	4.0972222222222229e+01	0.0000000000000000e+00	4.4893705169998183e-08
211968	5.7500000000000000e+02	0	2	576	636	576	0.0000000000000000e+00	4.1666666666666629e+01	0.0000000000000000e+00	-4.6293431575873818e-09
211968	5.7500000000000000e+02	0	2	576	637	576	0.0000000000000000e+00	4.2361111111111086e+01	0.0000000000000000e+00	-5.2447526300002608e-08
211968	5.7500000000000000e+02	0	2	576	638	576	0.0000000000000000e+00	4.3055555555555543e+01	0.0000000000000000e+00	-6.6870832516036324e-08
211968	5.7500000000000000e+02	0	2	576	639	576	0.0000000000000000e+00	4.3750000000000000e+01	0.0000000000000000e+00	-3.9429606556165165e-08
211968	5.7500000000000000e+02	0	2	576	640	576	0.0000000000000000e+00	4.4444444444444457e+01	0.0000000000000000e+00	1.2194934094073008e-08
211968	5.7500000000000000e+02	0	2	576	641	576	0.0000000000000000e+00	4.5138888888888857e+01	0.0000000000000000e+00	5.8285939239642913e-08
211968	5.7500000000000000e+02	0	2	576	642	576	0.0000000000000000e+00	4.5833333333333314e+01	0.0000000000000000e+00	7.3969787409146760e-08
211968	5.7500000000000000e+02	0	2	576	643	576	0.0000000000000000e+00	4.6527777777777771e+01	0.0000000000000000e+00	5.2049615558154458e-08
211968	5.7500000000000000e+02	0	2	576	644	576	0.0000000000000000e+00	4.7222222222222229e+01	0.0000000000000000e+00	7.1344699156346322e-09
211968	5.7500000000000000e+02	0	2	576	645	576	0.0000000000000000e+00	4.7916666666666629e+01	0.0000000000000000e+00	-3.5088237078161298e-08
211968	5.7500000000000000e+02	0	2	576	646	576	0.0000000000000000e+00	4.8611111111111086e+01	0.0000000000000000e+00	-5.6483435792668970e-08
211968	5.7500000000000000e+02	0	2	576	647	576	0.0000000000000000e+00	4.9305555555555543e+01	0.0000000000000000e+00	-5.1296183644715508e-08
211968	5.7500000000000000e+02	0	2	576	648	576	0.0000000000000000e+00	5.0000000000000000e+01	0.0000000000000000e+00	-2.7712054369515937e-08
211968	5.7500000000000000e+02	0	2	576	649	576	0.0000000000000000e+00	5.0694444444444400e+01	0.0000000000000000e+00	-7.7809672167830924e-09
211968	5.7500000000000000e+02	0	2	576	650	576	0.0000000000000000e+00	5.1388888888888857e+01	0.0000000000000000e+00	-5.4001857835624297e-10
211968	5.7500000000000000e+02	0	2	576	651	576	0.0000000000000000e+00	5.2083333333333314e+01	0.0000000000000000e+00	2.7117446652507085e-09
211968	5.7500000000000000e+02	0	2	576	652	576	0.0000000000000000e+00	5.2777777777777771e+01	0.0000000000000000e+00	6.9308101585989859e-09
211968	5.7500000000000000e+02	0	2	576	653	576	0.0000000000000000e+00	5.3472222222222229e+01	0.0000000000000000e+00	1.4336672949944569e-08
211968	5.7500000000000000e+02	0	2	576	654	576	0.0000000000000000e+00	5.4166666666666629e+01	0.0000000000000000e+00	2.5360714426297494e-08
211968	5.7500000000000000e+02	0	2	576	655	576	0.0000000000000000e+00	5.4861111111111086e+01	0.0000000000000000e+00	3.5221767102518540e-08
211968	5.7500000000000000e+02	0	2	576	656	576	0.0000000000000000e+00	5.5555555555555543e+01	0.0000000000000000e+00	3.7389985895239317e-08
211968	5.7500000000000000e+02	0	2	576	657	576	0.0000000000000000e+00	5.6250000000000000e+01	0.0000000000000000e+00	3.2605984726933710e-08
211968	5.7500000000000000e+02	0	2	576	658	576	0.0000000000000000e+00	5.6944444444444400e+01	0.0000000000000000e+00	2.3597219688831644e-08
211968	5.7500000000000000e+02	0	2	576	659	576	0.0000000000000000e+00	5.7638888888888857e+01	0.0000000000000000e+00	1.3318161479199462e-08
211968	5.7500000000000000e+02	0	2	576	660	576	0.0000000000000000e+00	5.8333333333333314e+01	0.0000000000000000e+00	4.6734260132376419e-09
211968	5.7500000000000000e+02	0	2	576	661	576	0.0000000000000000e+00	5.9027777777777771e+01	0.0000000000000000e+00	-4.7189670488944390e-10
211968	5.7500000000000000e+02	0	2	576	662	576	0.0000000000000000e+00	5.9722222222222229e+01	0.0000000000000000e+00	-3.1171427698695565e-09
211968	5.7500000000000000e+02	0	2	576	663	576	0.0000000000000000e+00	6.0416666666666629e+01	0.0000000000000000e+00	-5.4743457524238684e-09
211968	5.7500000000000000e+02	0	2	576	664	576	0.0000000000000000e+00	6.1111111111111086e+01	0.0000000000000000e+00	-7.2879696248439750e-09
211968	5.7500000000000000e+02	0	2	576	665	576	0.0000000000000000e+00	6.1805555555555543e+01	0.0000000000000000e+00	-7.3185559639481428e-09
211968	5.7500000000000000e+02	0	2	576	666	576	0.0000000000000000e+00	6.2500000000000000e+01	0.0000000000000000e+00	-6.2269173096054920e-09
211968	5.7500000000000000e+02	0	2	576	667	576	0.0000000000000000e+00	6.3194444444444400e+01	0.0000000000000000e+00	-4.8384225284493013e-09
211968	5.7500000000000000e+02	0	2	576	668	576	0.0000000000000000e+00	6.3888888888888857e+01	0.0000000000000000e+00	-2.6317795890815320e-09
211968	5.7500000000000000e+02	0	2	576	669	576	0.0000000000000000e+00	6.4583333333333314e+01	0.0000000000000000e+00	6.5809091354027726e-10
211968	5.7500000000000000e+02	0	2	576	670	576	0.0000000000000000e+00	6.5277777777777771e+01	0.0000000000000000e+00	4.6085898477660342e-09
211968	5.7500000000000000e+02	0	2	576	671	576	0.0000000000000000e+00	6.5972222222222229e+01	0.0000000000000000e+00	9.1273319570118731e-09
211968	5.7500000000000000e+02	0	2	576	672	576	0.0000000000000000e+00	6.6666666666666629e+01	0.0000000000000000e+00	1.3822710269250123e-08
211968	5.7500000000000000e+02	0	2	576	673	576	0.0000000000000000e+00	6.7361111111111086e+01	0.0000000000000000e+00	1.6722614816504119e-08
211968	5.7500000000000000e+02	0	2	576	674	576	0.0000000000000000e+00	6.8055555555555543e+01	0.0000000000000000e+00	1.5378932651989215e-08
211968	5.7500000000000000e+02	0	2	576	675	576	0.0000000000000000e+00	6.8750000000000000e+01	0.0000000000000000e+00	9.7940566947360573e-09
211968	5.7500000000000000e+02	0	2	576	676	576	0.0000000000000000e+00	6.9444444444444400e+01	0.0000000000000000e+00	3.3496137150466605e-09
211968	5.7500000000000000e+02	0	2	576	677	576	0.0000000000000000e+00	7.0138888888888857e+01	0.0000000000000000e+00	2.0148663663801406e-10
211968	5.7500000000000000e+02	0	2	576	678	576	0.0000000000000000e+00	7.0833333333333314e+01	0.0000000000000000e+00	2.1525382320907828e-09
211968	5.7500000000000000e+02	0	2	576	679	576	0.0000000000000000e+00	7.1527777777777771e+01	0.0000000000000000e+00	7.8209218769620431e-09
211968	5.7500000000000000e+02	0	2	576	680	576	0.0000000000000000e+00	7.2222222222222229e+01	0.0000000000000000e+00	1.3322942014996236e-08
211968	5.7500000000000000e+02	0	2	576	681	576	0.0000000000000000e+00	7.2916666666666629e+01	0.0000000000000000e+00	1.3530226938942497e-08
211968	5.7500000000000000e+02	0	2	576	682	576	0.0000000000000000e+00	7.3611111111111086e+01	0.0000000000000000e+00	5.2488594815429216e-09
211968	5.7500000000000000e+02	0	2	576	683	576	0.0000000000000000e+00	7.4305555555555543e+01	0.0000000000000000e+00	-8.4078358148761027e-09
211968	5.7500000000000000e+02	0	2	576	684	576	0.0000000000000000e+00	7.5000000000000000e+01	0.0000000000000000e+00	-1.7845468820757587e-08
211968	5.7500000000000000e+02	0	2	576	685	576	0.0000000000000000e+00	7.5694444444444400e+01	0.0000000000000000e+00	-1.4336063160869479e-08
211968	5.7500000000000000e+02	0	2	576	686	576	0.0000000000000000e+00	7.6388888888888857e+01	0.0000000000000000e+00	9.1348324432095514e-10
211968	5.7500000000000000e+02	0	2	576	687	576	0.0000000000000000e+00	7.7083333333333314e+01	0.0000000000000000e+00	1.6119076697139103e-08
211968	5.7500000000000000e+02	0	2	576	688	576	0.0000000000000000e+00	7.7777777777777771e+01	0.0000000000000000e+00	1.8989240404475761e-08
211968	5.7500000000000000e+02	0	2	576	689	576	0.0000000000000000e+00	7.8472222222222229e+01	0.0000000000000000e+00	8.2922626559397351e-09
211968	5.7500000000000000e+02	0	2	576	690	576	0.0000000000000000e+00	7.9166666666666629e+01	0.0000000000000000e+00	-4.4184152065350183e-09
211968	5.7500000000000000e+02	0	2	576	691	576	0.0000000000000000e+00	7.9861111111111086e+01	0.0000000000000000e+00	-5.3028533530140732e-09
211968	5.7500000000000000e+02	0	2	576	692	576	0.0000000000000000e+00	8.0555555555555543e+01	0.0000000000000000e+00	8.4506883831800637e-09
211968	5.7500000000000000e+02	0	2	576	693	576	0.0000000000000000e+00	8.1250000000000000e+01	0.0000000000000000e+00	2.5629342223731693e-08
211968	5.7500000000000000e+02	0	2	576	694	576	0.0000000000000000e+00	8.1944444444444400e+01	0.0000000000000000e+00	3.1688825034241804e-08
211968	5.7500000000000000e+02	0	2	576	695	576	0.0000000000000000e+00	8.2638888888888857e+01	0.0000000000000000e+00	2.2245525088523844e-08
211968	5.7500000000000000e+02	0	2	576	696	576	0.0000000000000000e+00	8.3333333333333314e+01	0.0000000000000000e+00	5.9580416161942686e-09
211968	5.7500000000000000e+02	0	2	576	697	576	0.0000000000000000e+00	8.4027777777777771e+01	0.0000000000000000e+00	-4.8057429023849926e-09
211968	5.7500000000000000e+02	0	2	576	698	576	0.0000000000000000e+00	8.4722222222222229e+01	0.0000000000000000e+00	-5.3994270380445722e-09
211968	5.7500000000000000e+02	0	2	576	699	576	0.0000000000000000e+00	8.5416666666666629e+01	0.0000000000000000e+00	-1.9343838140044909e-09
211968	5.7500000000000000e+02	0	2	576	700	576	0.0000000000000000e+00	8.6111111111111086e+01	0.0000000000000000e+00	-4.1615291773586893e-09
211968	5.7500000000000000e+02	0	2	576	701	576	0.0000000000000000e+00	8.6805555555555543e+01	0.0000000000000000e+00	-1.5887243741427993e-08
211968	5.7500000000000000e+02	0	2	576	702	576	0.0000000000000000e+00	8.7500000000000000e+01	0.0000000000000000e+00	-3.1873793905633805e-08
211968	5.7500000000000000e+02	0	2	576	703	576	0.0000000000000000e+00	8.8194444444444400e+01	0.0000000000000000e+00	-4.2919006354225444e-08
211968	5.7500000000000000e+02	0	2	576	704	576	0.0000000000000000e+00	8.8888888888888857e+01	0.0000000000000000e+00	-4.3696418905988350e-08
211968	5.7500000000000000e+02	0	2	576	705	576	0.0000000000000000e+00	8.9583333333333314e+01	0.0000000000000000e+00	-3.6505296027981869e-08
211968	5.7500000000000000e+02	0	2	576	706	576	0.0000000000000000e+00	9.0277777777777771e+01	0.0000000000000000e+00	-2.8308584778856859e-08
211968	5.7500000000000000e+02	0	2	576	707	576	0.0000000000000000e+00	9.0972222222222229e+01	0.0000000000000000e+00	-2.4193387845462708e-08
211968	5.7500000000000000e+02	0	2	576	708	576	0.0000000000000000e+00	9.1666666666666629e+01	0.0000000000000000e+00	-2.2960733418612557e-08
211968	5.7500000000000000e+02	0	2	576	709	576	0.0000000000000000e+00	9.2361111111111086e+01	0.0000000000000000e+00	-1.8723769973665890e-08
211968	5.7500000000000000e+02	0	2	576	710	576	0.0000000000000000e+00	9.3055555555555543e+01	0.0000000000000000e+00	-6.9067318335650561e-09
211968	5.7500000000000000e+02	0	2	576	711	576	0.0000000000000000e+00	9.3750000000000000e+01	0.0000000000000000e+00	1.1441564685250962e-08
211968	5.7500000000000000e+02	0	2	576	712	576	0.0000000000000000e+00	9.4444444444444400e+01	0.0000000000000000e+00	3.0172867214454378e-08
211968	5.7500000000000000e+02	0	2	576	713	576	0.0000000000000000e+00	9.5138888888888857e+01	0.0000000000000000e+00	4.1759393893551646e-08
211968	5.7500000000000000e+02	0	2	576	714	576	0.0000000000000000e+00	9.5833333333333314e+01	0.0000000000000000e+00	4.4022592102337891e-08
211968	5.7500000000000000e+02	0	2	576	715	576	0.0000000000000000e+00	9.6527777777777771e+01	0.0000000000000000e+00	4.4325495777605889e-08
211968	5.7500000000000000e+02	0	2	576	716	576	0.0000000000000000e+00	9.7222222222222229e+01	0.0000000000000000e+00	5.0468272953885002e-08
211968	5.7500000000000000e+02	0	2	576	717	576	0.0000000000000000e+00	9.7916666666666629e+01	0.0000000000000000e+00	5.8675603566647040e-08
211968	5.7500000000000000e+02	0	2	576	718	576	0.0000000000000000e+00	9.8611111111111086e+01	0.0000000000000000e+00	6.0305288807506468e-08
211968	5.7500000000000000e+02	0	2	576	719	576	0.0000000000000000e+00	9.9305555555555543e+01	0.0000000000000000e+00	5.8939026432433346e-08
211968	5.7500000000000000e+02	0	2	576	720	576	0.0000000000000000e+00	1.0000000000000000e+02	0.0000000000000000e+00	6.7297107250462826e-08
211968	5.7500000000000000e+02	0	2	576	721	576	0.0000000000000000e+00	1.0069444444444440e+02	0.0000000000000000e+00	7.8357036213668220e-08
211968	5.7500000000000000e+02	0	2	576	722	576	0.0000000000000000e+00	1.0138888888888886e+02	0.0000000000000000e+00	5.4248938575845488e-08
211968	5.7500000000000000e+02	0	2	576	723	576	0.0000000000000000e+00	1.0208333333333331e+02	0.0000000000000000e+00	-2.3807300993355119e-08
211968	5.7500000000000000e+02	0	2	576	724	576	0.0000000000000000e+00	1.0277777777777777e+02	0.0000000000000000e+00	-9.6384606016303067e-08
211968	5.7500000000000000e+02	0	2	576	725	576	0.0000000000000000e+00	1.0347222222222223e+02	0.0000000000000000e+00	-7.2839584776771586e-08
211968	5.7500000000000000e+02	0	2	576	726	576	0.0000000000000000e+00	1.0416666666666663e+02	0.0000000000000000e+00	3.7559937303673941e-08
211968	5.7500000000000000e+02	0	2	576	727	576	0.0000000000000000e+00	1.0486111111111109e+02	0.0000000000000000e+00	1.0876849220681505e-07
211968	5.7500000000000000e+02	0	2	576	728	576	0.0000000000000000e+00	1.0555555555555554e+02	0.0000000000000000e+00	6.0651889273057138e-08
211968	5.7500000000000000e+02	0	2	576	729	576	0.0000000000000000e+00	1.0625000000000000e+02	0.0000000000000000e+00	-3.3283456995332211e-08
211968	5.7500000000000000e+02	0	2	576	730	576	0.0000000000000000e+00	1.0694444444444440e+02	0.0000000000000000e+00	-6.3076298494040964e-08
211968	5.7500000000000000e+02	0	2	576	731	576	0.0000000000000000e+00	1.0763888888888886e+02	0.0000000000000000e+00	-2.7285809602540036e-08
211968	5.7500000000000000e+02	0	2	576	732	576	0.0000000000000000e+00	1.0833333333333331e+02	0.0000000000000000e+00	1.4094334822141050e-08
211968	5.7500000000000000e+02	0	2	576	733	576	0.0000000000000000e+00	1.0902777777777777e+02	0.0000000000000000e+00	4.2558251298740044e-08
211968	5.7500000000000000e+02	0	2	576	734	576	0.0000000000000000e+00	1.0972222222222223e+02	0.0000000000000000e+00	5.4640071850647539e-08
211968	5.7500000000000000e+02	0	2	576	735	576	0.0000000000000000e+00	1.1041666666666663e+02	0.0000000000000000e+00	2.8646548455876514e-08
211968	5.7500000000000000e+02	0	2	576	736	576	0.0000000000000000e+00	1.1111111111111109e+02	0.0000000000000000e+00	-8.3356340682899056e-10
211968	5.7500000000000000e+02	0	2	576	737	576	0.0000000000000000e+00	1.1180555555555554e+02	0.0000000000000000e+00	-1.1344023250212434e-02
211968	5.7500000000000000e+02	0	2	576	738	576	0.0000000000000000e+00	1.1250000000000000e+02	0.0000000000000000e+00	1.5025623990843648e-01
211968	5.7500000000000000e+02	0	2	576	739	576	0.0000000000000000e+00	1.1319444444444446e+02	0.0000000000000000e+00	1.5195445780533581e-01
211968	5.7500000000000000e+02	0	2	576	740	576	0.0000000000000000e+00	1.1388888888888891e+02	0.0000000000000000e+00	2.6998033110334800e-03
211968	5.7500000000000000e+02	0	3	1152	988	1152	0.0000000000000000e+00	-5.6944444444444457e+01	0.0000000000000000e+00	2.3537092709382442e-04
211968	5.7500000000000000e+02	0	3	1152	989	1152	0.0000000000000000e+00	-5.6597222222222229e+01	0.0000000000000000e+00	3.2421565730518863e-03
211968	5.7500000000000000e+02	0	3	1152	990	1152	0.0000000000000000e+00	-5.6250000000000000e+01	0.0000000000000000e+00	-1.2806447678327022e-162
211968	5.7500000000000000e+02	0	3	1152	991	1152	0.0000000000000000e+00	-5.5902777777777771e+01	0.0000000000000000e+00	6.6808852601604905e-05
211968	5.7500000000000000e+02	0	3	1152	992	1152	0.0000000000000000e+00	-5.5555555555555543e+01	0.0000000000000000e+00	3.7713966703063788e-08
211968	5.7500000000000000e+02	0	3	1152	993	1152	0.0000000000000000e+00	-5.5208333333333371e+01	0.0000000000000000e+00	3.7417153516485429e-08
211968	5.7500000000000000e+02	0	3	1152	994	1152	0.0000000000000000e+00	-5.4861111111111143e+01	0.0000000000000000e+00	3.4884243273521727e-08
211968	5.7500000000000000e+02	0	3	1152	995	1152	0.0000000000000000e+00	-5.4513888888888914e+01	0.0000000000000000e+00	3.0641533664361760e-08
211968	5.7500000000000000e+02	0	3	1152	996	1152	0.0000000000000000e+00	-5.4166666666666686e+01	0.0000000000000000e+00	2.5262859460385215e-08
211968	5.7500000000000000e+02	0	3	1152	997	1152	0.0000000000000000e+00	-5.3819444444444457e+01	0.0000000000000000e+00	1.9560882769177379e-08
211968	5.7500000000000000e+02	0	3	1152	998	1152	0.0000000000000000e+00	-5.3472222222222229e+01	0.0000000000000000e+00	1.4365884434630289e-08
211968	5.7500000000000000e+02	0	3	1152	999	1152	0.0000000000000000e+00	-5.3125000000000000e+01	0.0000000000000000e+00	1.0211023876991019e-08
211968	5.7500000000000000e+02	0	3	1152	1000	1152	0.0000000000000000e+00	-5.2777777777777771e+01	0.0000000000000000e+00	7.1367172284047723e-09
211968	5.7500000000000000e+02	0	3	1152	1001	1152	0.0000000000000000e+00	-5.2430555555555543e+01	0.0000000000000000e+00	4.8421912907285083e-09
211968	5.7500000000000000e+02	0	3	1152	1002	1152	0.0000000000000000e+00	-5.2083333333333371e+01	0.0000000000000000e+00	2.9982823572825726e-09
211968	5.7500000000000000e+02	0	3	1152	1003	1152	0.0000000000000000e+00	-5.1736111111111143e+01	0.0000000000000000e+00	1.3736515602406176e-09
211968	5.7500000000000000e+02	0	3	1152	1004	1152	0.0000000000000000e+00	-5.1388888888888914e+01	0.0000000000000000e+00	-3.7233801171828120e-10
211968	5.7500000000000000e+02	0	3	1152	1005	1152	0.0000000000000000e+00	-5.1041666666666686e+01	0.0000000000000000e+00	-3.0377265113228541e-09
211968	5.7500000000000000e+02	0	3	1152	1006	1152	0.0000000000000000e+00	-5.0694444444444457e+01	0.0000000000000000e+00	-7.9142106506635435e-09
211968	5.7500000000000000e+02	0	3	1152	1007	1152	0.0000000000000000e+00	-5.0347222222222229e+01	0.0000000000000000e+00	-1.6150209974579856e-08
211968	5.7500000000000000e+02	0	3	1152	1008	1152	0.0000000000000000e+00	-5.0000000000000000e+01	0.0000000000000000e+00	-2.7670945219346000e-08
211968	5.7500000000000000e+02	0	3	1152	1009	1152	0.0000000000000000e+00	-4.9652777777777771e+01	0.0000000000000000e+00	-4.0542046481678039e-08
211968	5.7500000000000000e+02	0	3	1152	1010	1152	0.0000000000000000e+00	-4.9305555555555543e+01	0.0000000000000000e+00	-5.1520594495868564e-08
211968	5.7500000000000000e+02	0	3	1152	1011	1152	0.0000000000000000e+00	-4.8958333333333371e+01	0.0000000000000000e+00	-5.7509537195221624e-08
211968	5.7500000000000000e+02	0	3	1152	1012	1152	0.0000000000000000e+00	-4.8611111111111143e+01	0.0000000000000000e+00	-5.6769294147166540e-08
211968	5.7500000000000000e+02	0	3	1152	1013	1152	0.0000000000000000e+00	-4.8263888888888914e+01	0.0000000000000000e+00	-4.9060223143289512e-08
211968	5.7500000000000000e+02	0	3	1152	1014	1152	0.0000000000000000e+00	-4.7916666666666686e+01	0.0000000000000000e+00	-3.5024566194776958e-08
211968	5.7500000000000000e+02	0	3	1152	1015	1152	0.0000000000000000e+00	-4.7569444444444457e+01	0.0000000000000000e+00	-1.5746530923924561e-08
211968	5.7500000000000000e+02	0	3	1152	1016	1152	0.0000000000000000e+00	-4.7222222222222229e+01	0.0000000000000000e+00	7.0796064527942763e-09
211968	5.7500000000000000e+02	0	3	1152	1017	1152	0.0000000000000000e+00	-4.6875000000000000e+01	0.0000000000000000e+00	3.0824217156293459e-08
211968	5.7500000000000000e+02	0	3	1152	1018	1152	0.0000000000000000e+00	-4.6527777777777771e+01	0.0000000000000000e+00	5.2084700649589001e-08
211968	5.7500000000000000e+02	0	3	1152	1019	1152	0.0000000000000000e+00	-4.6180555555555543e+01	0.0000000000000000e+00	6.7413722306079585e-08
211968	5.7500000000000000e+02	0	3	1152	1020	1152	0.0000000000000000e+00	-4.5833333333333371e+01	0.0000000000000000e+00	7.4171391722606691e-08
211968	5.7500000000000000e+02	0	3	1152	1021	1152	0.0000000000000000e+00	-4.5486111111111143e+01	0.0000000000000000e+00	7.1082005377869093e-08
211968	5.7500000000000000e+02	0	3	1152	1022	1152	0.0000000000000000e+00	-4.5138888888888914e+01	0.0000000000000000e+00	5.8406234617249249e-08
211968	5.7500000000000000e+02	0	3	1152	1023	1152	0.0000000000000000e+00	-4.4791666666666686e+01	0.0000000000000000e+00	3.7833907607004496e-08
211968	5.7500000000000000e+02	0	3	1152	1024	1152	0.0000000000000000e+00	-4.4444444444444457e+01	0.0000000000000000e+00	1.2205746452042189e-08
211968	5.7500000000000000e+02	0	3	1152	1025	1152	0.0000000000000000e+00	-4.4097222222222229e+01	0.0000000000000000e+00	-1.4867652668252619e-08
211968	5.7500000000000000e+02	0	3	1152	1026	1152	0.0000000000000000e+00	-4.3750000000000000e+01	0.0000000000000000e+00	-3.9450809197005109e-08
211968	5.7500000000000000e+02	0	3	1152	1027	1152	0.0000000000000000e+00	-4.3402777777777771e+01	0.0000000000000000e+00	-5.7792318516845000e-08
211968	5.7500000000000000e+02	0	3	1152	1028	1152	0.0000000000000000e+00	-4.3055555555555543e+01	0.0000000000000000e+00	-6.6898117150043491e-08
211968	5.7500000000000000e+02	0	3	1152	1029	1152	0.0000000000000000e+00	-4.2708333333333371e+01	0.0000000000000000e+00	-6.5107054053359449e-08
211968	5.7500000000000000e+02	0	3	1152	1030	1152	0.0000000000000000e+00	-4.2361111111111143e+01	0.0000000000000000e+00	-5.2527141167826310e-08
211968	5.7500000000000000e+02	0	3	1152	1031	1152	0.0000000000000000e+00	-4.2013888888888914e+01	0.0000000000000000e+00	-3.1175715585426721e-08
211968	5.7500000000000000e+02	0	3	1152	1032	1152	0.0000000000000000e+00	-4.1666666666666686e+01	0.0000000000000000e+00	-4.7185939025386392e-09
211968	5.7500000000000000e+02	0	3	1152	1033	1152	0.0000000000000000e+00	-4.1319444444444457e+01	0.0000000000000000e+00	2.2200738050443721e-08
211968	5.7500000000000000e+02	0	3	1152	1034	1152	0.0000000000000000e+00	-4.0972222222222229e+01	0.0000000000000000e+00	4.4894976318913627e-08
211968	5.7500000000000000e+02	0	3	1152	1035	1152	0.0000000000000000e+00	-4.0625000000000000e+01	0.0000000000000000e+00	5.9545481663551277e-08
211968	5.7500000000000000e+02	0	3	1152	1036	1152	0.0000000000000000e+00	-4.0277777777777771e+01	0.0000000000000000e+00	6.3832009795931428e-08
211968	5.7500000000000000e+02	0	3	1152	1037	1152	0.0000000000000000e+00	-3.9930555555555543e+01	0.0000000000000000e+00	5.7263054463866978e-08
211968	5.7500000000000000e+02	0	3	1152	1038	1152	0.0000000000000000e+00	-3.9583333333333371e+01	0.0000000000000000e+00	4.1351734670687272e-08
211968	5.7500000000000000e+02	0	3	1152	1039	1152	0.0000000000000000e+00	-3.9236111111111143e+01	0.0000000000000000e+00	1.9580577472520661e-08
211968	5.7500000000000000e+02	0	3	1152	1040	1152	0.0000000000000000e+00	-3.8888888888888914e+01	0.0000000000000000e+00	-3.2190922252636322e-09
211968	5.7500000000000000e+02	0	3	1152	1041	1152	0.0000000000000000e+00	-3.8541666666666686e+01	0.0000000000000000e+00	-2.2225407877857280e-08
211968	5.7500000000000000e+02	0	3	1152	1042	1152	0.0000000000000000e+00	-3.8194444444444457e+01	0.0000000000000000e+00	-3.4111957018409934e-08
211968	5.7500000000000000e+02	0	3	1152	1043	1152	0.0000000000000000e+00	-3.7847222222222229e+01	0.0000000000000000e+00	-3.7695545677557390e-08
211968	5.7500000000000000e+02	0	3	1152	1044	1152	0.0000000000000000e+00	-3.7500000000000000e+01	0.0000000000000000e+00	-3.3475192812702565e-08
211968	5.7500000000000000e+02	0	3	1152	1045	1152	0.0000000000000000e+00	-3.7152777777777771e+01	0.0000000000000000e+00	-2.2806570499739085e-08
211968	5.7500000000000000e+02	0	3	1152	1046	1152	0.0000000000000000e+00	-3.6805555555555543e+01	0.0000000000000000e+00	-7.5265602659430971e-09
211968	5.7500000000000000e+02	0	3	1152	1047	1152	0.0000000000000000e+00	-3.6458333333333371e+01	0.0000000000000000e+00	9.9927921938627571e-09
211968	5.7500000000000000e+02	0	3	1152	1048	1152	0.0000000000000000e+00	-3.6111111111111143e+01	0.0000000000000000e+00	2.6954209216698555e-08
211968	5.7500000000000000e+02	0	3	1152	1049	1152	0.0000000000000000e+00	-3.5763888888888914e+01	0.0000000000000000e+00	4.0670309595444523e-08
211968	5.7500000000000000e+02	0	3	1152	1050	1152	0.0000000000000000e+00	-3.5416666666666686e+01	0.0000000000000000e+00	4.9219561048723356e-08
211968	5.7500000000000000e+02	0	3	1152	1051	1152	0.0000000000000000e+00	-3.5069444444444457e+01	0.0000000000000000e+00	5.1843942964133114e-08
211968	5.7500000000000000e+02	0	3	1152	1052	1152	0.0000000000000000e+00	-3.4722222222222229e+01	0.0000000000000000e+00	4.9006775825159871e-08
211968	5.7500000000000000e+02	0	3	1152	1053	1152	0.0000000000000000e+00	-3.4375000000000000e+01	0.0000000000000000e+00	4.2203684164808912e-08
211968	5.7500000000000000e+02	0	3	1152	1054	1152	0.0000000000000000e+00	-3.4027777777777771e+01	0.0000000000000000e+00	3.3592772221911795e-08
211968	5.7500000000000000e+02	0	3	1152	1055	1152	0.0000000000000000e+00	-3.3680555555555543e+01	0.0000000000000000e+00	2.5511320433876327e-08
211968	5.7500000000000000e+02	0	3	1152	1056	1152	0.0000000000000000e+00	-3.3333333333333371e+01	0.0000000000000000e+00	1.9996849835056548e-08
211968	5.7500000000000000e+02	0	3	1152	1057	1152	0.0000000000000000e+00	-3.2986111111111143e+01	0.0000000000000000e+00	1.8398876744643689e-08
211968	5.7500000000000000e+02	0	3	1152	1058	1152	0.0000000000000000e+00	-3.2638888888888914e+01	0.0000000000000000e+00	2.1112491317757473e-08
211968	5.7500000000000000e+02	0	3	1152	1059	1152	0.0000000000000000e+00	-3.2291666666666686e+01	0.0000000000000000e+00	2.7500622095121808e-08
211968	5.7500000000000000e+02	0	3	1152	1060	1152	0.0000000000000000e+00	-3.1944444444444457e+01	0.0000000000000000e+00	3.6101759142307716e-08
211968	5.7500000000000000e+02	0	3	1152	1061	1152	0.0000000000000000e+00	-3.1597222222222229e+01	0.0000000000000000e+00	4.5081233927736476e-08
211968	5.7500000000000000e+02	0	3	1152	1062	1152	0.0000000000000000e+00	-3.1250000000000000e+01	0.0000000000000000e+00	5.2702191152447927e-08
211968	5.7500000000000000e+02	0	3	1152	1063	1152	0.0000000000000000e+00	-3.0902777777777771e+01	0.0000000000000000e+00	5.7651400956101290e-08
211968	5.7500000000000000e+02	0	3	1152	1064	1152	0.0000000000000000e+00	-3.0555555555555543e+01	0.0000000000000000e+00	5.9262467818889038e-08
211968	5.7500000000000000e+02	0	3	1152	1065	1152	0.0000000000000000e+00	-3.0208333333333371e+01	0.0000000000000000e+00	5.7707695313464972e-08
211968	5.7500000000000000e+02	0	3	1152	1066	1152	0.0000000000000000e+00	-2.9861111111111143e+01	0.0000000000000000e+00	5.4031656764262740e-08
211968	5.7500000000000000e+02	0	3	1152	1067	1152	0.0000000000000000e+00	-2.9513888888888914e+01	0.0000000000000000e+00	4.9851192729711839e-08
211968	5.7500000000000000e+02	0	3	1152	1068	1152	0.0000000000000000e+00	-2.9166666666666686e+01	0.0000000000000000e+00	4.6829704491979779e-08
211968	5.7500000000000000e+02	0	3	1152	1069	1152	0.0000000000000000e+00	-2.8819444444444457e+01	0.0000000000000000e+00	4.6281330233564407e-08
211968	5.7500000000000000e+02	0	3	1152	1070	1152	0.0000000000000000e+00	-2.8472222222222229e+01	0.0000000000000000e+00	4.9050908125882864e-08
211968	5.7500000000000000e+02	0	3	1152	1071	1152	0.0000000000000000e+00	-2.8125000000000000e+01	0.0000000000000000e+00	5.5409797610899057e-08
211968	5.7500000000000000e+02	0	3	1152	1072	1152	0.0000000000000000e+00	-2.7777777777777771e+01	0.0000000000000000e+00	6.4817538897501615e-08
211968	5.7500000000000000e+02	0	3	1152	1073	1152	0.0000000000000000e+00	-2.7430555555555543e+01	0.0000000000000000e+00	7.5951272305449183e-08
211968	5.7500000000000000e+02	0	3	1152	1074	1152	0.0000000000000000e+00	-2.7083333333333371e+01	0.0000000000000000e+00	8.7351735891333398e-08
211968	5.7500000000000000e+02	0	3	1152	1075	1152	0.0000000000000000e+00	-2.6736111111111143e+01	0.0000000000000000e+00	9.8155270139998169e-08
211968	5.7500000000000000e+02	0	3	1152	1076	1152	0.0000000000000000e+00	-2.6388888888888914e+01	0.0000000000000000e+00	1.0811694249273168e-07
211968	5.7500000000000000e+02	0	3	1152	1077	1152	0.0000000000000000e+00	-2.6041666666666686e+01	0.0000000000000000e+00	1.1713235297568349e-07
211968	5.7500000000000000e+02	0	3	1152	1078	1152	0.0000000000000000e+00	-2.5694444444444457e+01	0.0000000000000000e+00	1.2509701313837812e-07
211968	5.7500000000000000e+02	0	3	1152	1079	1152	0.0000000000000000e+00	-2.5347222222222229e+01	0.0000000000000000e+00	1.3220989314036869e-07
211968	5.7500000000000000e+02	0	3	1152	1080	1152	0.0000000000000000e+00	-2.5000000000000000e+01	0.0000000000000000e+00	1.3912881721393244e-07
211968	5.7500000000000000e+02	0	3	1152	1081	1152	0.0000000000000000e+00	-2.4652777777777771e+01	0.0000000000000000e+00	1.4647365167587869e-07
211968	5.7500000000000000e+02	0	3	1152	1082	1152	0.0000000000000000e+00	-2.4305555555555543e+01	0.0000000000000000e+00	1.5527067703091303e-07
211968	5.7500000000000000e+02	0	3	1152	1083	1152	0.0000000000000000e+00	-2.3958333333333371e+01	0.0000000000000000e+00	1.6621828198267749e-07
211968	5.7500000000000000e+02	0	3	1152	1084	1152	0.0000000000000000e+00	-2.3611111111111143e+01	0.0000000000000000e+00	1.7965539836123906e-07
211968	5.7500000000000000e+02	0	3	1152	1085	1152	0.0000000000000000e+00	-2.3263888888888914e+01	0.0000000000000000e+00	1.9552928714711899e-07
211968	5.7500000000000000e+02	0	3	1152	1086	1152	0.0000000000000000e+00	-2.2916666666666686e+01	0.0000000000000000e+00	2.1366042327503638e-07
211968	5.7500000000000000e+02	0	3	1152	1087	1152	0.0000000000000000e+00	-2.2569444444444457e+01	0.0000000000000000e+00	2.3393783818510439e-07
211968	5.7500000000000000e+02	0	3	1152	1088	1152	0.0000000000000000e+00	-2.2222222222222229e+01	0.0000000000000000e+00	2.5634700721390900e-07
211968	5.7500000000000000e+02	0	3	1152	1089	1152	0.0000000000000000e+00	-2.1875000000000000e+01	0.0000000000000000e+00	2.8098583214784346e-07
211968	5.7500000000000000e+02	0	3	1152	1090	1152	0.0000000000000000e+00	-2.1527777777777771e+01	0.0000000000000000e+00	3.0807717812095384e-07
211968	5.7500000000000000e+02	0	3	1152	1091	1152	0.0000000000000000e+00	-2.1180555555555543e+01	0.0000000000000000e+00	3.3793642942473068e-07
211968	5.7500000000000000e+02	0	3	1152	1092	1152	0.0000000000000000e+00	-2.0833333333333371e+01	0.0000000000000000e+00	3.7092960574818552e-07
211968	5.7500000000000000e+02	0	3	1152	1093	1152	0.0000000000000000e+00	-2.0486111111111143e+01	0.0000000000000000e+00	4.0745643448314299e-07
211968	5.7500000000000000e+02	0	3	1152	1094	1152	0.0000000000000000e+00	-2.0138888888888914e+01	0.0000000000000000e+00	4.4800850804200350e-07
211968	5.7500000000000000e+02	0	3	1152	1095	1152	0.0000000000000000e+00	-1.9791666666666686e+01	0.0000000000000000e+00	4.9329066191904653e-07
211968	5.7500000000000000e+02	0	3	1152	1096	1152	0.0000000000000000e+00	-1.9444444444444457e+01	0.0000000000000000e+00	5.4429194331538289e-07
211968	5.7500000000000000e+02	0	3	1152	1097	1152	0.0000000000000000e+00	-1.9097222222222229e+01	0.0000000000000000e+00	6.0227328632391452e-07
211968	5.7500000000000000e+02	0	3	1152	1098	1152	0.0000000000000000e+00	-1.8750000000000000e+01	0.0000000000000000e+00	6.6876229323410442e-07
211968	5.7500000000000000e+02	0	3	1152	1099	1152	0.0000000000000000e+00	-1.8402777777777771e+01	0.0000000000000000e+00	7.4561171360480591e-07
211968	5.7500000000000000e+02	0	3	1152	1100	1152	0.0000000000000000e+00	-1.8055555555555543e+01	0.0000000000000000e+00	8.3498974237532401e-07
211968	5.7500000000000000e+02	0	3	1152	1101	1152	0.0000000000000000e+00	-1.7708333333333371e+01	0.0000000000000000e+00	9.3905383297041458e-07
211968	5.7500000000000000e+02	0	3	1152	1102	1152	0.0000000000000000e+00	-1.7361111111111143e+01	0.0000000000000000e+00	1.0594552718481280e-06
211968	5.7500000000000000e+02	0	3	1152	1103	1152	0.0000000000000000e+00	-1.7013888888888914e+01	0.0000000000000000e+00	1.1973501277811903e-06
211968	5.7500000000000000e+02	0	3	1152	1104	1152	0.0000000000000000e+00	-1.6666666666666686e+01	0.0000000000000000e+00	1.3542302336333024e-06
211968	5.7500000000000000e+02	0	3	1152	1105	1152	0.0000000000000000e+00	-1.6319444444444457e+01	0.0000000000000000e+00	1.5329199087221673e-06
211968	5.7500000000000000e+02	0	3	1152	1106	1152	0.0000000000000000e+00	-1.5972222222222229e+01	0.0000000000000000e+00	1.7379841165149000e-06
211968	5.7500000000000000e+02	0	3	1152	1107	1152	0.0000000000000000e+00	-1.5625000000000000e+01	0.0000000000000000e+00	1.9755941246427138e-06
211968	5.7500000000000000e+02	0	3	1152	1108	1152	0.0000000000000000e+00	-1.5277777777777771e+01	0.0000000000000000e+00	2.2532681963754900e-06
211968	5.7500000000000000e+02	0	3	1152	1109	1152	0.0000000000000000e+00	-1.4930555555555543e+01	0.0000000000000000e+00	2.5796897594500564e-06
211968	5.7500000000000000e+02	0	3	1152	1110	1152	0.0000000000000000e+00	-1.4583333333333371e+01	0.0000000000000000e+00	2.9646643000203274e-06
211968	5.7500000000000000e+02	0	3	1152	1111	1152	0.0000000000000000e+00	-1.4236111111111143e+01	0.0000000000000000e+00	3.4194278111730061e-06
211968	5.7500000000000000e+02	0	3	1152	1112	1152	0.0000000000000000e+00	-1.3888888888888914e+01	0.0000000000000000e+00	3.9575709144810827e-06
211968	5.7500000000000000e+02	0	3	1152	1113	1152	0.0000000000000000e+00	-1.3541666666666686e+01	0.0000000000000000e+00	4.5963733033632153e-06
211968	5.7500000000000000e+02	0	3	1152	1114	1152	0.0000000000000000e+00	-1.3194444444444457e+01	0.0000000000000000e+00	5.3579470268906807e-06
211968	5.7500000000000000e+02	0	3	1152	1115	1152	0.0000000000000000e+00	-1.2847222222222229e+01	0.0000000000000000e+00	6.2703428450223187e-06
211968	5.7500000000000000e+02	0	3	1152	1116	1152	0.0000000000000000e+00	-1.2500000000000000e+01	0.0000000000000000e+00	7.3691318381091774e-06
211968	5.7500000000000000e+02	0	3	1152	1117	1152	0.0000000000000000e+00	-1.2152777777777771e+01	0.0000000000000000e+00	8.6990722456918687e-06
211968	5.7500000000000000e+02	0	3	1152	1118	1152	0.0000000000000000e+00	-1.1805555555555543e+01	0.0000000000000000e+00	1.0316158526414427e-05
211968	5.7500000000000000e+02	0	3	1152	1119	1152	0.0000000000000000e+00	-1.1458333333333371e+01	0.0000000000000000e+00	1.2291650943259234e-05
211968	5.7500000000000000e+02	0	3	1152	1120	1152	0.0000000000000000e+00	-1.1111111111111143e+01	0.0000000000000000e+00	1.4718419123754524e-05
211968	5.7500000000000000e+02	0	3	1152	1121	1152	0.0000000000000000e+00	-1.0763888888888914e+01	0.0000000000000000e+00	1.7718638925604619e-05
211968	5.7500000000000000e+02	0	3	1152	1122	1152	0.0000000000000000e+00	-1.0416666666666686e+01	0.0000000000000000e+00	2.1455335841795377e-05
211968	5.7500000000000000e+02	0	3	1152	1123	1152	0.0000000000000000e+00	-1.0069444444444457e+01	0.0000000000000000e+00	2.6138841495972180e-05
211968	5.7500000000000000e+02	0	3	1152	1124	1152	0.0000000000000000e+00	-9.7222222222222285e+00	0.0000000000000000e+00	3.2057638863370858e-05
211968	5.7500000000000000e+02	0	3	1152	1125	1152	0.0000000000000000e+00	-9.3750000000000000e+00	0.0000000000000000e+00	3.9591728106314391e-05
211968	5.7500000000000000e+02	0	3	1152	1126	1152	0.0000000000000000e+00	-9.0277777777777715e+00	0.0000000000000000e+00	4.9259876685079855e-05
211968	5.7500000000000000e+02	0	3	1152	1127	1152	0.0000000000000000e+00	-8.6805555555555429e+00	0.0000000000000000e+00	6.1776421879696501e-05
211968	5.7500000000000000e+02	0	3	1152	1128	1152	0.0000000000000000e+00	-8.3333333333333712e+00	0.0000000000000000e+00	7.8135970641494734e-05
211968	5.7500000000000000e+02	0	3	1152	1129	1152	0.0000000000000000e+00	-7.9861111111111427e+00	0.0000000000000000e+00	9.9736556893967337e-05
211968	5.7500000000000000e+02	0	3	1152	1130	1152	0.0000000000000000e+00	-7.6388888888889142e+00	0.0000000000000000e+00	1.2856550467011996e-04
211968	5.7500000000000000e+02	0	3	1152	1131	1152	0.0000000000000000e+00	-7.2916666666666856e+00	0.0000000000000000e+00	1.6748744548058191e-04
211968	5.7500000000000000e+02	0	3	1152	1132	1152	0.0000000000000000e+00	-6.9444444444444571e+00	0.0000000000000000e+00	2.2069596162952473e-04
211968	5.7500000000000000e+02	0	3	1152	1133	1152	0.0000000000000000e+00	-6.5972222222222285e+00	0.0000000000000000e+00	2.9442782202622903e-04
211968	5.7500000000000000e+02	0	3	1152	1134	1152	0.0000000000000000e+00	-6.2500000000000000e+00	0.0000000000000000e+00	3.9810999885937434e-04
211968	5.7500000000000000e+02	0	3	1152	1135	1152	0.0000000000000000e+00	-5.9027777777777715e+00	0.0000000000000000e+00	5.4624124296657399e-04
211968	5.7500000000000000e+02	0	3	1152	1136	1152	0.0000000000000000e+00	-5.5555555555555429e+00	0.0000000000000000e+00	7.6154765462592856e-04
211968	5.7500000000000000e+02	0	3	1152	1137	1152	0.0000000000000000e+00	-5.2083333333333712e+00	0.0000000000000000e+00	1.0803958599424439e-03
211968	5.7500000000000000e+02	0	3	1152	1138	1152	0.0000000000000000e+00	-4.8611111111111427e+00	0.0000000000000000e+00	1.5622555271316285e-03
211968	5.7500000000000000e+02	0	3	1152	1139	1152	0.0000000000000000e+00	-4.5138888888889142e+00	0.0000000000000000e+00	2.3067592124567408e-03
211968	5.7500000000000000e+02	0	3	1152	1140	1152	0.0000000000000000e+00	-4.1666666666666856e+00	0.0000000000000000e+00	3.4850060271274714e-03
211968	5.7500000000000000e+02	0	3	1152	1141	1152	0.0000000000000000e+00	-3.8194444444444571e+00	0.0000000000000000e+00	5.3988315904828273e-03
211968	5.7500000000000000e+02	0	3	1152	1142	1152	0.0000000000000000e+00	-3.4722222222222285e+00	0.0000000000000000e+00	8.5957668102741927e-03
211968	5.7500000000000000e+02	0	3	1152	1143	1152	0.0000000000000000e+00	-3.1250000000000000e+00	0.0000000000000000e+00	1.4097895203598953e-02
211968	5.7500000000000000e+02	0	3	1152	1144	1152	0.0000000000000000e+00	-2.7777777777777715e+00	0.0000000000000000e+00	2.3868040239332478e-02
211968	5.7500000000000000e+02	0	3	1152	1145	1152	0.0000000000000000e+00	-2.4305555555555429e+00	0.0000000000000000e+00	4.1776013687205037e-02
211968	5.7500000000000000e+02	0	3	1152	1146	1152	0.0000000000000000e+00	-2.0833333333333712e+00	0.0000000000000000e+00	7.5610450335544754e-02
211968	5.7500000000000000e+02	0	3	1152	1147	1152	0.0000000000000000e+00	-1.7361111111111427e+00	0.0000000000000000e+00	1.4118151284305563e-01
211968	5.7500000000000000e+02	0	3	1152	1148	1152	0.0000000000000000e+00	-1.3888888888889142e+00	0.0000000000000000e+00	2.7995693186258080e-01
211968	5.7500000000000000e+02	0	3	1152	1149	1152	0.0000000000000000e+00	-1.0416666666666856e+00	0.0000000000000000e+00	3.5931791048452705e-01
211968	5.7500000000000000e+02	0	3	1152	1150	1152	0.0000000000000000e+00	-6.9444444444445708e-01	0.0000000000000000e+00	1.8737281328240030e+00
211968	5.7500000000000000e+02	0	3	1152	1151	1152	0.0000000000000000e+00	-3.4722222222222854e-01	0.0000000000000000e+00	-2.5586113082428303e+00
211968	5.7500000000000000e+02	0	3	1152	1152	1152	0.0000000000000000e+00	0.0000000000000000e+00	0.0000000000000000e+00	8.5393600180534346e-01
211968	5.7500000000000000e+02	0	3	1152	1153	1152	0.0000000000000000e+00	3.4722222222222854e-01	0.0000000000000000e+00	-2.5586114603359578e+00
211968	5.7500000000000000e+02	0	3	1152	1154	1152	0.0000000000000000e+00	6.9444444444445708e-01	0.0000000000000000e+00	1.8737281553544110e+00
211968	5.7500000000000000e+02	0	3	1152	1155	1152	0.0000000000000000e+00	1.0416666666666288e+00	0.0000000000000000e+00	3.5931789680670817e-01
211968	5.7500000000000000e+02	0	3	1152	1156	1152	0.0000000000000000e+00	1.3888888888888573e+00	0.0000000000000000e+00	2.7995692922840398e-01
211968	5.7500000000000000e+02	0	3	1152	1157	1152	0.0000000000000000e+00	1.7361111111110858e+00	0.0000000000000000e+00	1.4118151105867882e-01
211968	5.7500000000000000e+02	0	3	1152	1158	1152	0.0000000000000000e+00	2.0833333333333144e+00	0.0000000000000000e+00	7.5610449427253312e-02
211968	5.7500000000000000e+02	0	3	1152	1159	1152	0.0000000000000000e+00	2.4305555555555429e+00	0.0000000000000000e+00	4.1776013220926639e-02
211968	5.7500000000000000e+02	0	3	1152	1160	1152	0.0000000000000000e+00	2.7777777777777715e+00	0.0000000000000000e+00	2.3868039993002847e-02
211968	5.7500000000000000e+02	0	3	1152	1161	1152	0.0000000000000000e+00	3.1250000000000000e+00	0.0000000000000000e+00	1.4097895068936111e-02
211968	5.7500000000000000e+02	0	3	1152	1162	1152	0.0000000000000000e+00	3.4722222222222285e+00	0.0000000000000000e+00	8.5957667352331620e-03
211968	5.7500000000000000e+02	0	3	1152	1163	1152	0.0000000000000000e+00	3.8194444444444571e+00	0.0000000000000000e+00	5.3988315473921886e-03
211968	5.7500000000000000e+02	0	3	1152	1164	1152	0.0000000000000000e+00	4.1666666666666288e+00	0.0000000000000000e+00	3.4850060022267463e-03
211968	5.7500000000000000e+02	0	3	1152	1165	1152	0.0000000000000000e+00	4.5138888888888573e+00	0.0000000000000000e+00	2.3067591977614949e-03
211968	5.7500000000000000e+02	0	3	1152	1166	1152	0.0000000000000000e+00	4.8611111111110858e+00	0.0000000000000000e+00	1.5622555185349182e-03
211968	5.7500000000000000e+02	0	3	1152	1167	1152	0.0000000000000000e+00	5.2083333333333144e+00	0.0000000000000000e+00	1.0803958550268007e-03
211968	5.7500000000000000e+02	0	3	1152	1168	1152	0.0000000000000000e+00	5.5555555555555429e+00	0.0000000000000000e+00	7.6154765145667485e-04
211968	5.7500000000000000e+02	0	3	1152	1169	1152	0.0000000000000000e+00	5.9027777777777715e+00	0.0000000000000000e+00	5.4624123959896831e-04
211968	5.7500000000000000e+02	0	3	1152	1170	1152	0.0000000000000000e+00	6.2500000000000000e+00	0.0000000000000000e+00	3.9810999445029534e-04
211968	5.7500000000000000e+02	0	3	1152	1171	1152	0.0000000000000000e+00	6.5972222222222285e+00	0.0000000000000000e+00	2.9442781764552490e-04
211968	5.7500000000000000e+02	0	3	1152	1172	1152	0.0000000000000000e+00	6.9444444444444571e+00	0.0000000000000000e+00	2.2069595881783109e-04
211968	5.7500000000000000e+02	0	3	1152	1173	1152	0.0000000000000000e+00	7.2916666666666288e+00	0.0000000000000000e+00	1.6748744516115226e-04
211968	5.7500000000000000e+02	0	3	1152	1174	1152	0.0000000000000000e+00	7.6388888888888573e+00	0.0000000000000000e+00	1.2856550613502544e-04
211968	5.7500000000000000e+02	0	3	1152	1175	1152	0.0000000000000000e+00	7.9861111111110858e+00	0.0000000000000000e+00	9.9736558696970491e-05
211968	5.7500000000000000e+02	0	3	1152	1176	1152	0.0000000000000000e+00	8.3333333333333144e+00	0.0000000000000000e+00	7.8135971444047284e-05
211968	5.7500000000000000e+02	0	3	1152	1177	1152	0.0000000000000000e+00	8.6805555555555429e+00	0.0000000000000000e+00	6.1776420965520729e-05
211968	5.7500000000000000e+02	0	3	1152	1178	1152	0.0000000000000000e+00	9.0277777777777715e+00	0.0000000000000000e+00	4.9259874728449271e-05
211968	5.7500000000000000e+02	0	3	1152	1179	1152	0.0000000000000000e+00	9.3750000000000000e+00	0.0000000000000000e+00	3.9591726308355629e-05
211968	5.7500000000000000e+02	0	3	1152	1180	1152	0.0000000000000000e+00	9.7222222222222285e+00	0.0000000000000000e+00	3.2057638477618033e-05
211968	5.7500000000000000e+02	0	3	1152	1181	1152	0.0000000000000000e+00	1.0069444444444457e+01	0.0000000000000000e+00	2.6138842859987265e-05
211968	5.7500000000000000e+02	0	3	1152	1182	1152	0.0000000000000000e+00	1.0416666666666629e+01	0.0000000000000000e+00	2.1455338308540941e-05
211968	5.7500000000000000e+02	0	3	1152	1183	1152	0.0000000000000000e+00	1.0763888888888857e+01	0.0000000000000000e+00	1.7718640600931346e-05
211968	5.7500000000000000e+02	0	3	1152	1184	1152	0.0000000000000000e+00	1.1111111111111086e+01	0.0000000000000000e+00	1.4718418298723896e-05
211968	5.7500000000000000e+02	0	3	1152	1185	1152	0.0000000000000000e+00	1.1458333333333314e+01	0.0000000000000000e+00	1.2291648281310534e-05
211968	5.7500000000000000e+02	0	3	1152	1186	1152	0.0000000000000000e+00	1.1805555555555543e+01	0.0000000000000000e+00	1.0316156505923551e-05
211968	5.7500000000000000e+02	0	3	1152	1187	1152	0.0000000000000000e+00	1.2152777777777771e+01	0.0000000000000000e+00	8.6990731602844179e-06
211968	5.7500000000000000e+02	0	3	1152	1188	1152	0.0000000000000000e+00	1.2500000000000000e+01	0.0000000000000000e+00	7.3691349244642574e-06
211968	5.7500000000000000e+02	0	3	1152	1189	1152	0.0000000000000000e+00	1.2847222222222229e+01	0.0000000000000000e+00	6.2703459427719425e-06
211968	5.7500000000000000e+02	0	3	1152	1190	1152	0.0000000000000000e+00	1.3194444444444457e+01	0.0000000000000000e+00	5.3579478464230524e-06
211968	5.7500000000000000e+02	0	3	1152	1191	1152	0.0000000000000000e+00	1.3541666666666629e+01	0.0000000000000000e+00	4.5963718368573935e-06
211968	5.7500000000000000e+02	0	3	1152	1192	1152	0.0000000000000000e+00	1.3888888888888857e+01	0.0000000000000000e+00	3.9575685899109834e-06
211968	5.7500000000000000e+02	0	3	1152	1193	1152	0.0000000000000000e+00	1.4236111111111086e+01	0.0000000000000000e+00	3.4194265532079905e-06
211968	5.7500000000000000e+02	0	3	1152	1194	1152	0.0000000000000000e+00	1.4583333333333314e+01	0.0000000000000000e+00	2.9646655238420331e-06
211968	5.7500000000000000e+02	0	3	1152	1195	1152	0.0000000000000000e+00	1.4930555555555543e+01	0.0000000000000000e+00	2.5796924959674468e-06
211968	5.7500000000000000e+02	0	3	1152	1196	1152	0.0000000000000000e+00	1.5277777777777771e+01	0.0000000000000000e+00	2.2532707274245989e-06
211968	5.7500000000000000e+02	0	3	1152	1197	1152	0.0000000000000000e+00	1.5625000000000000e+01	0.0000000000000000e+00	1.9755945543338908e-06
211968	5.7500000000000000e+02	0	3	1152	1198	1152	0.0000000000000000e+00	1.5972222222222229e+01	0.0000000000000000e+00	1.7379826051924506e-06
211968	5.7500000000000000e+02	0	3	1152	1199	1152	0.0000000000000000e+00	1.6319444444444457e+01	0.0000000000000000e+00	1.5329180807483209e-06
211968	5.7500000000000000e+02	0	3	1152	1200	1152	0.0000000000000000e+00	1.6666666666666629e+01	0.0000000000000000e+00	1.3542294333354731e-06
211968	5.7500000000000000e+02	0	3	1152	1201	1152	0.0000000000000000e+00	1.7013888888888857e+01	0.0000000000000000e+00	1.1973509540047797e-06
211968	5.7500000000000000e+02	0	3	1152	1202	1152	0.0000000000000000e+00	1.7361111111111086e+01	0.0000000000000000e+00	1.0594575952245681e-06
211968	5.7500000000000000e+02	0	3	1152	1203	1152	0.0000000000000000e+00	1.7708333333333314e+01	0.0000000000000000e+00	9.3905571746380075e-07
211968	5.7500000000000000e+02	0	3	1152	1204	1152	0.0000000000000000e+00	1.8055555555555543e+01	0.0000000000000000e+00	8.3498975372135617e-07
211968	5.7500000000000000e+02	0	3	1152	1205	1152	0.0000000000000000e+00	1.8402777777777771e+01	0.0000000000000000e+00	7.4561022023132747e-07
211968	5.7500000000000000e+02	0	3	1152	1206	1152	0.0000000000000000e+00	1.8750000000000000e+01	0.0000000000000000e+00	6.6876074077147491e-07
211968	5.7500000000000000e+02	0	3	1152	1207	1152	0.0000000000000000e+00	1.9097222222222229e+01	0.0000000000000000e+00	6.0227315271801358e-07
211968	5.7500000000000000e+02	0	3	1152	1208	1152	0.0000000000000000e+00	1.9444444444444457e+01	0.0000000000000000e+00	5.4429295590459369e-07
211968	5.7500000000000000e+02	0	3	1152	1209	1152	0.0000000000000000e+00	1.9791666666666629e+01	0.0000000000000000e+00	4.9329178760807348e-07
211968	5.7500000000000000e+02	0	3	1152	1210	1152	0.0000000000000000e+00	2.0138888888888857e+01	0.0000000000000000e+00	4.4800907880754622e-07
211968	5.7500000000000000e+02	0	3	1152	1211	1152	0.0000000000000000e+00	2.0486111111111086e+01	0.0000000000000000e+00	4.0745611276235819e-07
211968	5.7500000000000000e+02	0	3	1152	1212	1152	0.0000000000000000e+00	2.0833333333333314e+01	0.0000000000000000e+00	3.7092885331598953e-07
211968	5.7500000000000000e+02	0	3	1152	1213	1152	0.0000000000000000e+00	2.1180555555555543e+01	0.0000000000000000e+00	3.3793597977631315e-07
211968	5.7500000000000000e+02	0	3	1152	1214	1152	0.0000000000000000e+00	2.1527777777777771e+01	0.0000000000000000e+00	3.0807687114504340e-07
211968	5.7500000000000000e+02	0	3	1152	1215	1152	0.0000000000000000e+00	2.1875000000000000e+01	0.0000000000000000e+00	2.8098566602042909e-07
211968	5.7500000000000000e+02	0	3	1152	1216	1152	0.0000000000000000e+00	2.2222222222222229e+01	0.0000000000000000e+00	2.5634644282627566e-07
211968	5.7500000000000000e+02	0	3	1152	1217	1152	0.0000000000000000e+00	2.2569444444444457e+01	0.0000000000000000e+00	2.3393737857330563e-07
211968	5.7500000000000000e+02	0	3	1152	1218	1152	0.0000000000000000e+00	2.2916666666666629e+01	0.0000000000000000e+00	2.1366018607620492e-07
211968	5.7500000000000000e+02	0	3	1152	1219	1152	0.0000000000000000e+00	2.3263888888888857e+01	0.0000000000000000e+00	1.9552919671517676e-07
211968	5.7500000000000000e+02	0	3	1152	1220	1152	0.0000000000000000e+00	2.3611111111111086e+01	0.0000000000000000e+00	1.7965576794223956e-07
211968	5.7500000000000000e+02	0	3	1152	1221	1152	0.0000000000000000e+00	2.3958333333333314e+01	0.0000000000000000e+00	1.6621832493714301e-07
211968	5.7500000000000000e+02	0	3	1152	1222	1152	0.0000000000000000e+00	2.4305555555555543e+01	0.0000000000000000e+00	1.5526987789428081e-07
211968	5.7500000000000000e+02	0	3	1152	1223	1152	0.0000000000000000e+00	2.4652777777777771e+01	0.0000000000000000e+00	1.4647233134021197e-07
211968	5.7500000000000000e+02	0	3	1152	1224	1152	0.0000000000000000e+00	2.5000000000000000e+01	0.0000000000000000e+00	1.3912759383784077e-07
211968	5.7500000000000000e+02	0	3	1152	1225	1152	0.0000000000000000e+00	2.5347222222222229e+01	0.0000000000000000e+00	1.3220957531097368e-07
211968	5.7500000000000000e+02	0	3	1152	1226	1152	0.0000000000000000e+00	2.5694444444444457e+01	0.0000000000000000e+00	1.2509787978765756e-07
211968	5.7500000000000000e+02	0	3	1152	1227	1152	0.0000000000000000e+00	2.6041666666666629e+01	0.0000000000000000e+00	1.1713375468585967e-07
211968	5.7500000000000000e+02	0	3	1152	1228	1152	0.0000000000000000e+00	2.6388888888888857e+01	0.0000000000000000e+00	1.0811774514067226e-07
211968	5.7500000000000000e+02	0	3	1152	1229	1152	0.0000000000000000e+00	2.6736111111111086e+01	0.0000000000000000e+00	9.8154991973768176e-08
211968	5.7500000000000000e+02	0	3	1152	1230	1152	0.0000000000000000e+00	2.7083333333333314e+01	0.0000000000000000e+00	8.7350718913186692e-08
211968	5.7500000000000000e+02	0	3	1152	1231	1152	0.0000000000000000e+00	2.7430555555555543e+01	0.0000000000000000e+00	7.5950377858488386e-08
211968	5.7500000000000000e+02	0	3	1152	1232	1152	0.0000000000000000e+00	2.7777777777777771e+01	0.0000000000000000e+00	6.4817493565510991e-08
211968	5.7500000000000000e+02	0	3	1152	1233	1152	0.0000000000000000e+00	2.8125000000000000e+01	0.0000000000000000e+00	5.5410448226124076e-08
211968	5.7500000000000000e+02	0	3	1152	1234	1152	0.0000000000000000e+00	2.8472222222222229e+01	0.0000000000000000e+00	4.9051741919671616e-08
211968	5.7500000000000000e+02	0	3	1152	1235	1152	0.0000000000000000e+00	2.8819444444444457e+01	0.0000000000000000e+00	4.6282237781870719e-08
211968	5.7500000000000000e+02	0	3	1152	1236	1152	0.0000000000000000e+00	2.9166666666666629e+01	0.0000000000000000e+00	4.6830778982814161e-08
211968	5.7500000000000000e+02	0	3	1152	1237	1152	0.0000000000000000e+00	2.9513888888888857e+01	0.0000000000000000e+00	4.9852048425500977e-08
211968	5.7500000000000000e+02	0	3	1152	1238	1152	0.0000000000000000e+00	2.9861111111111086e+01	0.0000000000000000e+00	5.4031239600999042e-08
211968	5.7500000000000000e+02	0	3	1152	1239	1152	0.0000000000000000e+00	3.0208333333333314e+01	0.0000000000000000e+00	5.7705621751555383e-08
211968	5.7500000000000000e+02	0	3	1152	1240	1152	0.0000000000000000e+00	3.0555555555555543e+01	0.0000000000000000e+00	5.9259904399397778e-08
211968	5.7500000000000000e+02	0	3	1152	1241	1152	0.0000000000000000e+00	3.0902777777777771e+01	0.0000000000000000e+00	5.7650537987694824e-08
211968	5.7500000000000000e+02	0	3	1152	1242	1152	0.0000000000000000e+00	3.1250000000000000e+01	0.0000000000000000e+00	5.2704155722390692e-08
211968	5.7500000000000000e+02	0	3	1152	1243	1152	0.0000000000000000e+00	3.1597222222222229e+01	0.0000000000000000e+00	4.5084701114467811e-08
211968	5.7500000000000000e+02	0	3	1152	1244	1152	0.0000000000000000e+00	3.1944444444444457e+01	0.0000000000000000e+00	3.6103891929348250e-08
211968	5.7500000000000000e+02	0	3	1152	1245	1152	0.0000000000000000e+00	3.2291666666666629e+01	0.0000000000000000e+00	2.7499413156889282e-08
211968	5.7500000000000000e+02	0	3	1152	1246	1152	0.0000000000000000e+00	3.2638888888888857e+01	0.0000000000000000e+00	2.1109062555753249e-08
211968	5.7500000000000000e+02	0	3	1152	1247	1152	0.0000000000000000e+00	3.2986111111111086e+01	0.0000000000000000e+00	1.8396330074081185e-08
211968	5.7500000000000000e+02	0	3	1152	1248	1152	0.0000000000000000e+00	3.3333333333333314e+01	0.0000000000000000e+00	1.9997406495701056e-08
211968	5.7500000000000000e+02	0	3	1152	1249	1152	0.0000000000000000e+00	3.3680555555555543e+01	0.0000000000000000e+00	2.5514188622027280e-08
211968	5.7500000000000000e+02	0	3	1152	1250	1152	0.0000000000000000e+00	3.4027777777777771e+01	0.0000000000000000e+00	3.3595231924696096e-08
211968	5.7500000000000000e+02	0	3	1152	1251	1152	0.0000000000000000e+00	3.4375000000000000e+01	0.0000000000000000e+00	4.2203648673062715e-08
211968	5.7500000000000000e+02	0	3	1152	1252	1152	0.0000000000000000e+00	3.4722222222222229e+01	0.0000000000000000e+00	4.9004798997716723e-08
211968	5.7500000000000000e+02	0	3	1152	1253	1152	0.0000000000000000e+00	3.5069444444444457e+01	0.0000000000000000e+00	5.1842309039056475e-08
211968	5.7500000000000000e+02	0	3	1152	1254	1152	0.0000000000000000e+00	3.5416666666666629e+01	0.0000000000000000e+00	4.9219925720348317e-08
211968	5.7500000000000000e+02	0	3	1152	1255	1152	0.0000000000000000e+00	3.5763888888888857e+01	0.0000000000000000e+00	4.0672074715935255e-08
211968	5.7500000000000000e+02	0	3	1152	1256	1152	0.0000000000000000e+00	3.6111111111111086e+01	0.0000000000000000e+00	2.6955708985888467e-08
211968	5.7500000000000000e+02	0	3	1152	1257	1152	0.0000000000000000e+00	3.6458333333333314e+01	0.0000000000000000e+00	9.9926674269156519e-09
211968	5.7500000000000000e+02	0	3	1152	1258	1152	0.0000000000000000e+00	3.6805555555555543e+01	0.0000000000000000e+00	-7.5280878460999579e-09
211968	5.7500000000000000e+02	0	3	1152	1259	1152	0.0000000000000000e+00	3.7152777777777771e+01	0.0000000000000000e+00	-2.2808271691997385e-08
211968	5.7500000000000000e+02	0	3	1152	1260	1152	0.0000000000000000e+00	3.7500000000000000e+01	0.0000000000000000e+00	-3.3476166040278059e-08
211968	5.7500000000000000e+02	0	3	1152	1261	1152	0.0000000000000000e+00	3.7847222222222229e+01	0.0000000000000000e+00	-3.7695380460905272e-08
211968	5.7500000000000000e+02	0	3	1152	1262	1152	0.0000000000000000e+00	3.8194444444444457e+01	0.0000000000000000e+00	-3.4111004394519910e-08
211968	5.7500000000000000e+02	0	3	1152	1263	1152	0.0000000000000000e+00	3.8541666666666629e+01	0.0000000000000000e+00	-2.2224423698918993e-08
211968	5.7500000000000000e+02	0	3	1152	1264	1152	0.0000000000000000e+00	3.8888888888888857e+01	0.0000000000000000e+00	-3.2189228453525585e-09
211968	5.7500000000000000e+02	0	3	1152	1265	1152	0.0000000000000000e+00	3.9236111111111086e+01	0.0000000000000000e+00	1.9579960888210228e-08
211968	5.7500000000000000e+02	0	3	1152	1266	1152	0.0000000000000000e+00	3.9583333333333314e+01	0.0000000000000000e+00	4.1350643320753344e-08
211968	5.7500000000000000e+02	0	3	1152	1267	1152	0.0000000000000000e+00	3.9930555555555543e+01	0.0000000000000000e+00	5.7262117613922679e-08
211968	5.7500000000000000e+02	0	3	1152	1268	1152	0.0000000000000000e+00	4.0277777777777771e+01	0.0000000000000000e+00	6.3831860497179283e-08
211968	5.7500000000000000e+02	0	3	1152	1269	1152	0.0000000000000000e+00	4.0625000000000000e+01	0.0000000000000000e+00	5.9546074312373674e-08
211968	5.7500000000000000e+02	0	3	1152	1270	1152	0.0000000000000000e+00	4.0972222222222229e+01	0.0000000000000000e+00	4.4895785778822219e-08
211968	5.7500000000000000e+02	0	3	1152	1271	1152	0.0000000000000000e+00	4.1319444444444457e+01	0.0000000000000000e+00	2.2201292287624647e-08
211968	5.7500000000000000e+02	0	3	1152	1272	1152	0.0000000000000000e+00	4.1666666666666629e+01	0.0000000000000000e+00	-4.7183591713409703e-09
211968	5.7500000000000000e+02	0	3	1152	1273	1152	0.0000000000000000e+00	4.2013888888888857e+01	0.0000000000000000e+00	-3.1175875334088936e-08
211968	5.7500000000000000e+02	0	3	1152	1274	1152	0.0000000000000000e+00	4.2361111111111086e+01	0.0000000000000000e+00	-5.2527372906247231e-08
211968	5.7500000000000000e+02	0	3	1152	1275	1152	0.0000000000000000e+00	4.2708333333333314e+01	0.0000000000000000e+00	-6.5107253346946462e-08
211968	5.7500000000000000e+02	0	3	1152	1276	1152	0.0000000000000000e+00	4.3055555555555543e+01	0.0000000000000000e+00	-6.6897961268154152e-08
211968	5.7500000000000000e+02	0	3	1152	1277	1152	0.0000000000000000e+00	4.3402777777777771e+01	0.0000000000000000e+00	-5.7791642472511365e-08
211968	5.7500000000000000e+02	0	3	1152	1278	1152	0.0000000000000000e+00	4.3750000000000000e+01	0.0000000000000000e+00	-3.9449865126061623e-08
211968	5.7500000000000000e+02	0	3	1152	1279	1152	0.0000000000000000e+00	4.4097222222222229e+01	0.0000000000000000e+00	-1.4866976619768276e-08
211968	5.7500000000000000e+02	0	3	1152	1280	1152	0.0000000000000000e+00	4.4444444444444457e+01	0.0000000000000000e+00	1.2205546003551083e-08
211968	5.7500000000000000e+02	0	3	1152	1281	1152	0.0000000000000000e+00	4.4791666666666629e+01	0.0000000000000000e+00	3.7832795245740699e-08
211968	5.7500000000000000e+02	0	3	1152	1282	1152	0.0000000000000000e+00	4.5138888888888857e+01	0.0000000000000000e+00	5.8404919399171704e-08
211968	5.7500000000000000e+02	0	3	1152	1283	1152	0.0000000000000000e+00	4.5486111111111086e+01	0.0000000000000000e+00	7.1081609165991801e-08
211968	5.7500000000000000e+02	0	3	1152	1284	1152	0.0000000000000000e+00	4.5833333333333314e+01	0.0000000000000000e+00	7.4172434702769164e-08
211968	5.7500000000000000e+02	0	3	1152	1285	1152	0.0000000000000000e+00	4.6180555555555543e+01	0.0000000000000000e+00	6.7415601540413739e-08
211968	5.7500000000000000e+02	0	3	1152	1286	1152	0.0000000000000000e+00	4.6527777777777771e+01	0.0000000000000000e+00	5.2085863023632960e-08
211968	5.7500000000000000e+02	0	3	1152	1287	1152	0.0000000000000000e+00	4.6875000000000000e+01	0.0000000000000000e+00	3.0823490072236672e-08
211968	5.7500000000000000e+02	0	3	1152	1288	1152	0.0000000000000000e+00	4.7222222222222229e+01	0.0000000000000000e+00	7.0772601224904218e-09
211968	5.7500000000000000e+02	0	3	1152	1289	1152	0.0000000000000000e+00	4.7569444444444400e+01	0.0000000000000000e+00	-1.5748989109103711e-08
211968	5.7500000000000000e+02	0	3	1152	1290	1152	0.0000000000000000e+00	4.7916666666666629e+01	0.0000000000000000e+00	-3.5025763984860103e-08
211968	5.7500000000000000e+02	0	3	1152	1291	1152	0.0000000000000000e+00	4.8263888888888857e+01	0.0000000000000000e+00	-4.9059671268528981e-08
211968	5.7500000000000000e+02	0	3	1152	1292	1152	0.0000000000000000e+00	4.8611111111111086e+01	0.0000000000000000e+00	-5.6767907916954044e-08
211968	5.7500000000000000e+02	0	3	1152	1293	1152	0.0000000000000000e+00	4.8958333333333314e+01	0.0000000000000000e+00	-5.7508308807567181e-08
211968	5.7500000000000000e+02	0	3	1152	1294	1152	0.0000000000000000e+00	4.9305555555555543e+01	0.0000000000000000e+00	-5.1520191836957410e-08
211968	5.7500000000000000e+02	0	3	1152	1295	1152	0.0000000000000000e+00	4.9652777777777771e+01	0.0000000000000000e+00	-4.0542333701914204e-08
211968	5.7500000000000000e+02	0	3	1152	1296	1152	0.0000000000000000e+00	5.0000000000000000e+01	0.0000000000000000e+00	-2.7671120360544420e-08
211968	5.7500000000000000e+02	0	3	1152	1297	1152	0.0000000000000000e+00	5.0347222222222229e+01	0.0000000000000000e+00	-1.6149714969168703e-08
211968	5.7500000000000000e+02	0	3	1152	1298	1152	0.0000000000000000e+00	5.0694444444444400e+01	0.0000000000000000e+00	-7.9132881466357252e-09
211968	5.7500000000000000e+02	0	3	1152	1299	1152	0.0000000000000000e+00	5.1041666666666629e+01	0.0000000000000000e+00	-3.0367688982331241e-09
211968	5.7500000000000000e+02	0	3	1152	1300	1152	0.0000000000000000e+00	5.1388888888888857e+01	0.0000000000000000e+00	-3.7177779317349012e-10
211968	5.7500000000000000e+02	0	3	1152	1301	1152	0.0000000000000000e+00	5.1736111111111086e+01	0.0000000000000000e+00	1.3737460557668068e-09
211968	5.7500000000000000e+02	0	3	1152	1302	1152	0.0000000000000000e+00	5.2083333333333314e+01	0.0000000000000000e+00	2.9978490803608071e-09
211968	5.7500000000000000e+02	0	3	1152	1303	1152	0.0000000000000000e+00	5.2430555555555543e+01	0.0000000000000000e+00	4.8417806176677970e-09
211968	5.7500000000000000e+02	0	3	1152	1304	1152	0.0000000000000000e+00	5.2777777777777771e+01	0.0000000000000000e+00	7.1365898248454545e-09
211968	5.7500000000000000e+02	0	3	1152	1305	1152	0.0000000000000000e+00	5.3125000000000000e+01	0.0000000000000000e+00	1.0210791330210538e-08
211968	5.7500000000000000e+02	0	3	1152	1306	1152	0.0000000000000000e+00	5.3472222222222229e+01	0.0000000000000000e+00	1.4364894452450506e-08
211968	5.7500000000000000e+02	0	3	1152	1307	1152	0.0000000000000000e+00	5.3819444444444400e+01	0.0000000000000000e+00	1.9559058929021612e-08
211968	5.7500000000000000e+02	0	3	1152	1308	1152	0.0000000000000000e+00	5.4166666666666629e+01	0.0000000000000000e+00	2.5261471461821158e-08
211968	5.7500000000000000e+02	0	3	1152	1309	1152	0.0000000000000000e+00	5.4513888888888857e+01	0.0000000000000000e+00	3.0641852292443032e-08
211968	5.7500000000000000e+02	0	3	1152	1310	1152	0.0000000000000000e+00	5.4861111111111086e+01	0.0000000000000000e+00	3.4885716034371076e-08
211968	5.7500000000000000e+02	0	3	1152	1311	1152	0.0000000000000000e+00	5.5208333333333314e+01	0.0000000000000000e+00	3.7418673009530342e-08
211968	5.7500000000000000e+02	0	3	1152	1312	1152	0.0000000000000000e+00	5.5555555555555543e+01	0.0000000000000000e+00	3.7714798754471899e-08
211968	5.7500000000000000e+02	0	3	1152	1313	1152	0.0000000000000000e+00	5.5902777777777771e+01	0.0000000000000000e+00	1.9553299814606760e-02
211968	5.7500000000000000e+02	0	3	1152	1314	1152	0.0000000000000000e+00	5.6250000000000000e+01	0.0000000000000000e+00	0.0000000000000000e+00
211968	5.7500000000000000e+02	0	3	1152	1315	1152	0.0000000000000000e+00	5.6597222222222229e+01	0.0000000000000000e+00	2.1435835866075698e-02
211968	5.7500000000000000e+02	0	3	1152	1316	1152	0.0000000000000000e+00	5.6944444444444400e+01	0.0000000000000000e+00	-1.3778017166215190e-01
211968	5.7500000000000000e+02	0	4	2304	2156	2304	0.0000000000000000e+00	-2.5694444444444457e+01	0.0000000000000000e+00	-1.9145459790645341e-04
211968	5.7500000000000000e+02	0	4	2304	2157	2304	0.0000000000000000e+00	-2.5520833333333371e+01	0.0000000000000000e+00	-4.6683730157060784e-04
211968	5.7500000000000000e+02	0	4	2304	2158	2304	0.0000000000000000e+00	-2.5347222222222229e+01	0.0000000000000000e+00	-7.3597040501395495e-04
211968	5.7500000000000000e+02	0	4	2304	2159	2304	0.0000000000000000e+00	-2.5173611111111143e+01	0.0000000000000000e+00	-1.1794068277227497e-01
211968	5.7500000000000000e+02	0	4	2304	2160	2304	0.0000000000000000e+00	-2.5000000000000000e+01	0.0000000000000000e+00	1.3907319676880097e-07
211968	5.7500000000000000e+02	0	4	2304	2161	2304	0.0000000000000000e+00	-2.4826388888888914e+01	0.0000000000000000e+00	1.4266889885709331e-07
211968	5.7500000000000000e+02	0	4	2304	2162	2304	0.0000000000000000e+00	-2.4652777777777771e+01	0.0000000000000000e+00	1.4647315690332316e-07
211968	5.7500000000000000e+02	0	4	2304	2163	2304	0.0000000000000000e+00	-2.4479166666666686e+01	0.0000000000000000e+00	1.5064231632324460e-07
211968	5.7500000000000000e+02	0	4	2304	2164	2304	0.0000000000000000e+00	-2.4305555555555543e+01	0.0000000000000000e+00	1.5526998022114788e-07
211968	5.7500000000000000e+02	0	4	2304	2165	2304	0.0000000000000000e+00	-2.4131944444444457e+01	0.0000000000000000e+00	1.6044240592043705e-07
211968	5.7500000000000000e+02	0	4	2304	2166	2304	0.0000000000000000e+00	-2.3958333333333371e+01	0.0000000000000000e+00	1.6621702210952365e-07
211968	5.7500000000000000e+02	0	4	2304	2167	2304	0.0000000000000000e+00	-2.3784722222222229e+01	0.0000000000000000e+00	1.7262040542306766e-07
211968	5.7500000000000000e+02	0	4	2304	2168	2304	0.0000000000000000e+00	-2.3611111111111143e+01	0.0000000000000000e+00	1.7965330264826339e-07
211968	5.7500000000000000e+02	0	4	2304	2169	2304	0.0000000000000000e+00	-2.3437500000000000e+01	0.0000000000000000e+00	1.8729726754322820e-07
211968	5.7500000000000000e+02	0	4	2304	2170	2304	0.0000000000000000e+00	-2.3263888888888914e+01	0.0000000000000000e+00	1.9552721245582049e-07
211968	5.7500000000000000e+02	0	4	2304	2171	2304	0.0000000000000000e+00	-2.3090277777777771e+01	0.0000000000000000e+00	2.0432003589972921e-07
211968	5.7500000000000000e+02	0	4	2304	2172	2304	0.0000000000000000e+00	-2.2916666666666686e+01	0.0000000000000000e+00	2.1365887484416920e-07
211968	5.7500000000000000e+02	0	4	2304	2173	2304	0.0000000000000000e+00	-2.2743055555555543e+01	0.0000000000000000e+00	2.2353226981874910e-07
211968	5.7500000000000000e+02	0	4	2304	2174	2304	0.0000000000000000e+00	-2.2569444444444457e+01	0.0000000000000000e+00	2.3393571747501850e-07
211968	5.7500000000000000e+02	0	4	2304	2175	2304	0.0000000000000000e+00	-2.2395833333333371e+01	0.0000000000000000e+00	2.4487032355874492e-07
211968	5.7500000000000000e+02	0	4	2304	2176	2304	0.0000000000000000e+00	-2.2222222222222229e+01	0.0000000000000000e+00	2.5634387283052565e-07
211968	5.7500000000000000e+02	0	4	2304	2177	2304	0.0000000000000000e+00	-2.2048611111111143e+01	0.0000000000000000e+00	2.6837339136976861e-07
211968	5.7500000000000000e+02	0	4	2304	2178	2304	0.0000000000000000e+00	-2.1875000000000000e+01	0.0000000000000000e+00	2.8098305031813453e-07
211968	5.7500000000000000e+02	0	4	2304	2179	2304	0.0000000000000000e+00	-2.1701388888888914e+01	0.0000000000000000e+00	2.9420424521305141e-07
211968	5.7500000000000000e+02	0	4	2304	2180	2304	0.0000000000000000e+00	-2.1527777777777771e+01	0.0000000000000000e+00	3.0807485794965689e-07
211968	5.7500000000000000e+02	0	4	2304	2181	2304	0.0000000000000000e+00	-2.1354166666666686e+01	0.0000000000000000e+00	3.2263616379023683e-07
211968	5.7500000000000000e+02	0	4	2304	2182	2304	0.0000000000000000e+00	-2.1180555555555543e+01	0.0000000000000000e+00	3.3793351730745566e-07
211968	5.7500000000000000e+02	0	4	2304	2183	2304	0.0000000000000000e+00	-2.1006944444444457e+01	0.0000000000000000e+00	3.5401432715721715e-07
211968	5.7500000000000000e+02	0	4	2304	2184	2304	0.0000000000000000e+00	-2.0833333333333371e+01	0.0000000000000000e+00	3.7092655130949153e-07
211968	5.7500000000000000e+02	0	4	2304	2185	2304	0.0000000000000000e+00	-2.0659722222222229e+01	0.0000000000000000e+00	3.8872130566614808e-07
211968	5.7500000000000000e+02	0	4	2304	2186	2304	0.0000000000000000e+00	-2.0486111111111143e+01	0.0000000000000000e+00	4.0745374713926582e-07
211968	5.7500000000000000e+02	0	4	2304	2187	2304	0.0000000000000000e+00	-2.0312500000000000e+01	0.0000000000000000e+00	4.2718883541957318e-07
211968	5.7500000000000000e+02	0	4	2304	2188	2304	0.0000000000000000e+00	-2.0138888888888914e+01	0.0000000000000000e+00	4.4800558266104390e-07
211968	5.7500000000000000e+02	0	4	2304	2189	2304	0.0000000000000000e+00	-1.9965277777777771e+01	0.0000000000000000e+00	4.7000032713615120e-07
211968	5.7500000000000000e+02	0	4	2304	2190	2304	0.0000000000000000e+00	-1.9791666666666686e+01	0.0000000000000000e+00	4.9328775297958253e-07
211968	5.7500000000000000e+02	0	4	2304	2191	2304	0.0000000000000000e+00	-1.9618055555555543e+01	0.0000000000000000e+00	5.1800106641877130e-07
211968	5.7500000000000000e+02	0	4	2304	2192	2304	0.0000000000000000e+00	-1.9444444444444457e+01	0.0000000000000000e+00	5.4428939790347996e-07
211968	5.7500000000000000e+02	0	4	2304	2193	2304	0.0000000000000000e+00	-1.9270833333333371e+01	0.0000000000000000e+00	5.7231876616589808e-07
211968	5.7500000000000000e+02	0	4	2304	2194	2304	0.0000000000000000e+00	-1.9097222222222229e+01	0.0000000000000000e+00	6.0227078807547451e-07
211968	5.7500000000000000e+02	0	4	2304	2195	2304	0.0000000000000000e+00	-1.8923611111111143e+01	0.0000000000000000e+00	6.3434465811439626e-07
211968	5.7500000000000000e+02	0	4	2304	2196	2304	0.0000000000000000e+00	-1.8750000000000000e+01	0.0000000000000000e+00	6.6876013548566283e-07
211968	5.7500000000000000e+02	0	4	2304	2197	2304	0.0000000000000000e+00	-1.8576388888888914e+01	0.0000000000000000e+00	7.0575983716431484e-07
211968	5.7500000000000000e+02	0	4	2304	2198	2304	0.0000000000000000e+00	-1.8402777777777771e+01	0.0000000000000000e+00	7.4560991694436283e-07
211968	5.7500000000000000e+02	0	4	2304	2199	2304	0.0000000000000000e+00	-1.8229166666666686e+01	0.0000000000000000e+00	7.8859161013899706e-07
211968	5.7500000000000000e+02	0	4	2304	2200	2304	0.0000000000000000e+00	-1.8055555555555543e+01	0.0000000000000000e+00	8.3498756925751386e-07
211968	5.7500000000000000e+02	0	4	2304	2201	2304	0.0000000000000000e+00	-1.7881944444444457e+01	0.0000000000000000e+00	8.8506412829341741e-07
211968	5.7500000000000000e+02	0	4	2304	2202	2304	0.0000000000000000e+00	-1.7708333333333371e+01	0.0000000000000000e+00	9.3905073305150886e-07
211968	5.7500000000000000e+02	0	4	2304	2203	2304	0.0000000000000000e+00	-1.7534722222222229e+01	0.0000000000000000e+00	9.9713158274858416e-07
211968	5.7500000000000000e+02	0	4	2304	2204	2304	0.0000000000000000e+00	-1.7361111111111143e+01	0.0000000000000000e+00	1.0594520414828092e-06
211968	5.7500000000000000e+02	0	4	2304	2205	2304	0.0000000000000000e+00	-1.7187500000000000e+01	0.0000000000000000e+00	1.1261414780107300e-06
211968	5.7500000000000000e+02	0	4	2304	2206	2304	0.0000000000000000e+00	-1.7013888888888914e+01	0.0000000000000000e+00	1.1973482542665573e-06
211968	5.7500000000000000e+02	0	4	2304	2207	2304	0.0000000000000000e+00	-1.6840277777777771e+01	0.0000000000000000e+00	1.2732787861125244e-06
211968	5.7500000000000000e+02	0	4	2304	2208	2304	0.0000000000000000e+00	-1.6666666666666686e+01	0.0000000000000000e+00	1.3542290078411160e-06
211968	5.7500000000000000e+02	0	4	2304	2209	2304	0.0000000000000000e+00	-1.6493055555555543e+01	0.0000000000000000e+00	1.4406032067107742e-06
211968	5.7500000000000000e+02	0	4	2304	2210	2304	0.0000000000000000e+00	-1.6319444444444457e+01	0.0000000000000000e+00	1.5329183292187628e-06
211968	5.7500000000000000e+02	0	4	2304	2211	2304	0.0000000000000000e+00	-1.6145833333333371e+01	0.0000000000000000e+00	1.6318020794632773e-06
211968	5.7500000000000000e+02	0	4	2304	2212	2304	0.0000000000000000e+00	-1.5972222222222229e+01	0.0000000000000000e+00	1.7379820070345881e-06
211968	5.7500000000000000e+02	0	4	2304	2213	2304	0.0000000000000000e+00	-1.5798611111111143e+01	0.0000000000000000e+00	1.8522778737433194e-06
211968	5.7500000000000000e+02	0	4	2304	2214	2304	0.0000000000000000e+00	-1.5625000000000000e+01	0.0000000000000000e+00	1.9755921307192519e-06
211968	5.7500000000000000e+02	0	4	2304	2215	2304	0.0000000000000000e+00	-1.5451388888888914e+01	0.0000000000000000e+00	2.1089044378167898e-06
211968	5.7500000000000000e+02	0	4	2304	2216	2304	0.0000000000000000e+00	-1.5277777777777771e+01	0.0000000000000000e+00	2.2532661325147610e-06
211968	5.7500000000000000e+02	0	4	2304	2217	2304	0.0000000000000000e+00	-1.5104166666666686e+01	0.0000000000000000e+00	2.4097977979922980e-06
211968	5.7500000000000000e+02	0	4	2304	2218	2304	0.0000000000000000e+00	-1.4930555555555543e+01	0.0000000000000000e+00	2.5796871976440382e-06
211968	5.7500000000000000e+02	0	4	2304	2219	2304	0.0000000000000000e+00	-1.4756944444444457e+01	0.0000000000000000e+00	2.7641942468586062e-06
211968	5.7500000000000000e+02	0	4	2304	2220	2304	0.0000000000000000e+00	-1.4583333333333371e+01	0.0000000000000000e+00	2.9646621221774113e-06
211968	5.7500000000000000e+02	0	4	2304	2221	2304	0.0000000000000000e+00	-1.4409722222222229e+01	0.0000000000000000e+00	3.1825413512454653e-06
211968	5.7500000000000000e+02	0	4	2304	2222	2304	0.0000000000000000e+00	-1.4236111111111143e+01	0.0000000000000000e+00	3.4194261100091258e-06
211968	5.7500000000000000e+02	0	4	2304	2223	2304	0.0000000000000000e+00	-1.4062500000000000e+01	0.0000000000000000e+00	3.6770960554740374e-06
211968	5.7500000000000000e+02	0	4	2304	2224	2304	0.0000000000000000e+00	-1.3888888888888914e+01	0.0000000000000000e+00	3.9575675474812199e-06
211968	5.7500000000000000e+02	0	4	2304	2225	2304	0.0000000000000000e+00	-1.3715277777777771e+01	0.0000000000000000e+00	4.2631286827998824e-06
211968	5.7500000000000000e+02	0	4	2304	2226	2304	0.0000000000000000e+00	-1.3541666666666686e+01	0.0000000000000000e+00	4.5963703928365042e-06
211968	5.7500000000000000e+02	0	4	2304	2227	2304	0.0000000000000000e+00	-1.3368055555555543e+01	0.0000000000000000e+00	4.9602148050271794e-06
211968	5.7500000000000000e+02	0	4	2304	2228	2304	0.0000000000000000e+00	-1.3194444444444457e+01	0.0000000000000000e+00	5.3579471558875762e-06
211968	5.7500000000000000e+02	0	4	2304	2229	2304	0.0000000000000000e+00	-1.3020833333333371e+01	0.0000000000000000e+00	5.7932658309513857e-06
211968	5.7500000000000000e+02	0	4	2304	2230	2304	0.0000000000000000e+00	-1.2847222222222229e+01	0.0000000000000000e+00	6.2703416797056581e-06
211968	5.7500000000000000e+02	0	4	2304	2231	2304	0.0000000000000000e+00	-1.2673611111111143e+01	0.0000000000000000e+00	6.7938715561575592e-06
211968	5.7500000000000000e+02	0	4	2304	2232	2304	0.0000000000000000e+00	-1.2500000000000000e+01	0.0000000000000000e+00	7.3691282742963745e-06
211968	5.7500000000000000e+02	0	4	2304	2233	2304	0.0000000000000000e+00	-1.2326388888888914e+01	0.0000000000000000e+00	8.0020030074378171e-06
211968	5.7500000000000000e+02	0	4	2304	2234	2304	0.0000000000000000e+00	-1.2152777777777771e+01	0.0000000000000000e+00	8.6990711261816106e-06
211968	5.7500000000000000e+02	0	4	2304	2235	2304	0.0000000000000000e+00	-1.1979166666666686e+01	0.0000000000000000e+00	9.4676910120275896e-06
211968	5.7500000000000000e+02	0	4	2304	2236	2304	0.0000000000000000e+00	-1.1805555555555543e+01	0.0000000000000000e+00	1.0316157198774252e-05
211968	5.7500000000000000e+02	0	4	2304	2237	2304	0.0000000000000000e+00	-1.1631944444444457e+01	0.0000000000000000e+00	1.1253888837290582e-05
211968	5.7500000000000000e+02	0	4	2304	2238	2304	0.0000000000000000e+00	-1.1458333333333371e+01	0.0000000000000000e+00	1.2291646958352184e-05
211968	5.7500000000000000e+02	0	4	2304	2239	2304	0.0000000000000000e+00	-1.1284722222222229e+01	0.0000000000000000e+00	1.3441765952117262e-05
211968	5.7500000000000000e+02	0	4	2304	2240	2304	0.0000000000000000e+00	-1.1111111111111143e+01	0.0000000000000000e+00	1.4718403835762491e-05
211968	5.7500000000000000e+02	0	4	2304	2241	2304	0.0000000000000000e+00	-1.0937500000000000e+01	0.0000000000000000e+00	1.6137823672659295e-05
211968	5.7500000000000000e+02	0	4	2304	2242	2304	0.0000000000000000e+00	-1.0763888888888914e+01	0.0000000000000000e+00	1.7718728331930847e-05
211968	5.7500000000000000e+02	0	4	2304	2243	2304	0.0000000000000000e+00	-1.0590277777777771e+01	0.0000000000000000e+00	1.9482556671021973e-05
211968	5.7500000000000000e+02	0	4	2304	2244	2304	0.0000000000000000e+00	-1.0416666666666686e+01	0.0000000000000000e+00	2.1456332566063805e-05
211968	5.7500000000000000e+02	0	4	2304	2245	2304	0.0000000000000000e+00	-1.0243055555555543e+01	0.0000000000000000e+00	2.3661788207262259e-05
211968	5.7500000000000000e+02	0	4	2304	2246	2304	0.0000000000000000e+00	-1.0069444444444457e+01	0.0000000000000000e+00	2.6139006875759522e-05
211968	5.7500000000000000e+02	0	4	2304	2247	2304	0.0000000000000000e+00	-9.8958333333333712e+00	0.0000000000000000e+00	2.8922871085795542e-05
211968	5.7500000000000000e+02	0	4	2304	2248	2304	0.0000000000000000e+00	-9.7222222222222285e+00	0.0000000000000000e+00	3.2057621111056231e-05
211968	5.7500000000000000e+02	0	4	2304	2249	2304	0.0000000000000000e+00	-9.5486111111111427e+00	0.0000000000000000e+00	3.5594128201366452e-05
211968	5.7500000000000000e+02	0	4	2304	2250	2304	0.0000000000000000e+00	-9.3750000000000000e+00	0.0000000000000000e+00	3.9591732624343828e-05
211968	5.7500000000000000e+02	0	4	2304	2251	2304	0.0000000000000000e+00	-9.2013888888889142e+00	0.0000000000000000e+00	4.4119835149159601e-05
211968	5.7500000000000000e+02	0	4	2304	2252	2304	0.0000000000000000e+00	-9.0277777777777715e+00	0.0000000000000000e+00	4.9259882388956767e-05
211968	5.7500000000000000e+02	0	4	2304	2253	2304	0.0000000000000000e+00	-8.8541666666666856e+00	0.0000000000000000e+00	5.5107723390065256e-05
211968	5.7500000000000000e+02	0	4	2304	2254	2304	0.0000000000000000e+00	-8.6805555555555429e+00	0.0000000000000000e+00	6.1776434345937349e-05
211968	5.7500000000000000e+02	0	4	2304	2255	2304	0.0000000000000000e+00	-8.5069444444444571e+00	0.0000000000000000e+00	6.9399712346042658e-05
211968	5.7500000000000000e+02	0	4	2304	2256	2304	0.0000000000000000e+00	-8.3333333333333712e+00	0.0000000000000000e+00	7.8135999083418220e-05
211968	5.7500000000000000e+02	0	4	2304	2257	2304	0.0000000000000000e+00	-8.1597222222222285e+00	0.0000000000000000e+00	8.8173534520558387e-05
211968	5.7500000000000000e+02	0	4	2304	2258	2304	0.0000000000000000e+00	-7.9861111111111427e+00	0.0000000000000000e+00	9.9736617850805493e-05
211968	5.7500000000000000e+02	0	4	2304	2259	2304	0.0000000000000000e+00	-7.8125000000000000e+00	0.0000000000000000e+00	1.1309339857223345e-04
211968	5.7500000000000000e+02	0	4	2304	2260	2304	0.0000000000000000e+00	-7.6388888888889142e+00	0.0000000000000000e+00	1.2856562390099930e-04
211968	5.7500000000000000e+02	0	4	2304	2261	2304	0.0000000000000000e+00	-7.4652777777777715e+00	0.0000000000000000e+00	1.4654083490352350e-04
211968	5.7500000000000000e+02	0	4	2304	2262	2304	0.0000000000000000e+00	-7.2916666666666856e+00	0.0000000000000000e+00	1.6748766650579491e-04
211968	5.7500000000000000e+02	0	4	2304	2263	2304	0.0000000000000000e+00	-7.1180555555555429e+00	0.0000000000000000e+00	1.9197504570301482e-04
211968	5.7500000000000000e+02	0	4	2304	2264	2304	0.0000000000000000e+00	-6.9444444444444571e+00	0.0000000000000000e+00	2.2069637432374983e-04
211968	5.7500000000000000e+02	0	4	2304	2265	2304	0.0000000000000000e+00	-6.7708333333333712e+00	0.0000000000000000e+00	2.5450010644786729e-04
211968	5.7500000000000000e+02	0	4	2304	2266	2304	0.0000000000000000e+00	-6.5972222222222285e+00	0.0000000000000000e+00	2.9442861941538119e-04
211968	5.7500000000000000e+02	0	4	2304	2267	2304	0.0000000000000000e+00	-6.4236111111111427e+00	0.0000000000000000e+00	3.4176791965728878e-04
211968	5.7500000000000000e+02	0	4	2304	2268	2304	0.0000000000000000e+00	-6.2500000000000000e+00	0.0000000000000000e+00	3.9811155668175401e-04
211968	5.7500000000000000e+02	0	4	2304	2269	2304	0.0000000000000000e+00	-6.0763888888889142e+00	0.0000000000000000e+00	4.6544326143077163e-04
211968	5.7500000000000000e+02	0	4	2304	2270	2304	0.0000000000000000e+00	-5.9027777777777715e+00	0.0000000000000000e+00	5.4624435472632273e-04
211968	5.7500000000000000e+02	0	4	2304	2271	2304	0.0000000000000000e+00	-5.7291666666666856e+00	0.0000000000000000e+00	6.4363413733865360e-04
211968	5.7500000000000000e+02	0	4	2304	2272	2304	0.0000000000000000e+00	-5.5555555555555429e+00	0.0000000000000000e+00	7.6155417968221486e-04
211968	5.7500000000000000e+02	0	4	2304	2273	2304	0.0000000000000000e+00	-5.3819444444444571e+00	0.0000000000000000e+00	9.0501209501382294e-04
211968	5.7500000000000000e+02	0	4	2304	2274	2304	0.0000000000000000e+00	-5.2083333333333712e+00	0.0000000000000000e+00	1.0804124819978472e-03
211968	5.7500000000000000e+02	0	4	2304	2275	2304	0.0000000000000000e+00	-5.0347222222222285e+00	0.0000000000000000e+00	1.2959541426219696e-03
211968	5.7500000000000000e+02	0	4	2304	2276	2304	0.0000000000000000e+00	-4.8611111111111427e+00	0.0000000000000000e+00	1.5622850584394458e-03
211968	5.7500000000000000e+02	0	4	2304	2277	2304	0.0000000000000000e+00	-4.6875000000000000e+00	0.0000000000000000e+00	1.8932132739014717e-03
211968	5.7500000000000000e+02	0	4	2304	2278	2304	0.0000000000000000e+00	-4.5138888888889142e+00	0.0000000000000000e+00	2.3068242574524958e-03
211968	5.7500000000000000e+02	0	4	2304	2279	2304	0.0000000000000000e+00	-4.3402777777777715e+00	0.0000000000000000e+00	2.8269409747945047e-03
211968	5.7500000000000000e+02	0	4	2304	2280	2304	0.0000000000000000e+00	-4.1666666666666856e+00	0.0000000000000000e+00	3.4851581963517213e-03
211968	5.7500000000000000e+02	0	4	2304	2281	2304	0.0000000000000000e+00	-3.9930555555555429e+00	0.0000000000000000e+00	4.3236667008499166e-03
211968	5.7500000000000000e+02	0	4	2304	2282	2304	0.0000000000000000e+00	-3.8194444444444571e+00	0.0000000000000000e+00	5.3992034277747375e-03
211968	5.7500000000000000e+02	0	4	2304	2283	2304	0.0000000000000000e+00	-3.6458333333333712e+00	0.0000000000000000e+00	6.7886120481973344e-03
211968	5.7500000000000000e+02	0	4	2304	2284	2304	0.0000000000000000e+00	-3.4722222222222285e+00	0.0000000000000000e+00	8.5967196975306678e-03
211968	5.7500000000000000e+02	0	4	2304	2285	2304	0.0000000000000000e+00	-3.2986111111111427e+00	0.0000000000000000e+00	1.0967560098026147e-02
211968	5.7500000000000000e+02	0	4	2304	2286	2304	0.0000000000000000e+00	-3.1250000000000000e+00	0.0000000000000000e+00	1.4100449685139529e-02
211968	5.7500000000000000e+02	0	4	2304	2287	2304	0.0000000000000000e+00	-2.9513888888889142e+00	0.0000000000000000e+00	1.8273120494482948e-02
211968	5.7500000000000000e+02	0	4	2304	2288	2304	0.0000000000000000e+00	-2.7777777777777715e+00	0.0000000000000000e+00	2.3875125614815057e-02
211968	5.7500000000000000e+02	0	4	2304	2289	2304	0.0000000000000000e+00	-2.6041666666666856e+00	0.0000000000000000e+00	3.1456181451109684e-02
211968	5.7500000000000000e+02	0	4	2304	2290	2304	0.0000000000000000e+00	-2.4305555555555429e+00	0.0000000000000000e+00	4.1796133019597580e-02
211968	5.7500000000000000e+02	0	4	2304	2291	2304	0.0000000000000000e+00	-2.2569444444444571e+00	0.0000000000000000e+00	5.6005980514477645e-02
211968	5.7500000000000000e+02	0	4	2304	2292	2304	0.0000000000000000e+00	-2.0833333333333712e+00	0.0000000000000000e+00	7.5672786734806527e-02
211968	5.7500000000000000e+02	0	4	2304	2293	2304	0.0000000000000000e+00	-1.9097222222222285e+00	0.0000000000000000e+00	1.0306553868725277e-01
211968	5.7500000000000000e+02	0	4	2304	2294	2304	0.0000000000000000e+00	-1.7361111111111427e+00	0.0000000000000000e+00	1.4142161828329519e-01
211968	5.7500000000000000e+02	0	4	2304	2295	2304	0.0000000000000000e+00	-1.5625000000000000e+00	0.0000000000000000e+00	1.9533547452744707e-01
211968	5.7500000000000000e+02	0	4	2304	2296	2304	0.0000000000000000e+00	-1.3888888888889142e+00	0.0000000000000000e+00	2.7126068074482146e-01
211968	5.7500000000000000e+02	0	4	2304	2297	2304	0.0000000000000000e+00	-1.2152777777777715e+00	0.0000000000000000e+00	3.7810684170736997e-01
211968	5.7500000000000000e+02	0	4	2304	2298	2304	0.0000000000000000e+00	-1.0416666666666856e+00	0.0000000000000000e+00	5.2782137548540187e-01
211968	5.7500000000000000e+02	0	4	2304	2299	2304	0.0000000000000000e+00	-8.6805555555554292e-01	0.0000000000000000e+00	7.3563219695292625e-01
211968	5.7500000000000000e+02	0	4	2304	2300	2304	0.0000000000000000e+00	-6.9444444444445708e-01	0.0000000000000000e+00	1.0295909029448866e+00
211968	5.7500000000000000e+02	0	4	2304	2301	2304	0.0000000000000000e+00	-5.2083333333337123e-01	0.0000000000000000e+00	1.1842292270849162e+00
211968	5.7500000000000000e+02	0	4	2304	2302	2304	0.0000000000000000e+00	-3.4722222222222854e-01	0.0000000000000000e+00	2.6500457745873778e+00
211968	5.7500000000000000e+02	0	4	2304	2303	2304	0.0000000000000000e+00	-1.7361111111114269e-01	0.0000000000000000e+00	-1.4892147703235652e+00
211968	5.7500000000000000e+02	0	4	2304	2304	2304	0.0000000000000000e+00	0.0000000000000000e+00	0.0000000000000000e+00	1.4972803415666738e+00
211968	5.7500000000000000e+02	0	4	2304	2305	2304	0.0000000000000000e+00	1.7361111111108585e-01	0.0000000000000000e+00	-1.4892150241455986e+00
211968	5.7500000000000000e+02	0	4	2304	2306	2304	0.0000000000000000e+00	3.4722222222222854e-01	0.0000000000000000e+00	2.6500458571828736e+00
211968	5.7500000000000000e+02	0	4	2304	2307	2304	0.0000000000000000e+00	5.2083333333331439e-01	0.0000000000000000e+00	1.1842291909774447e+00
211968	5.7500000000000000e+02	0	4	2304	2308	2304	0.0000000000000000e+00	6.9444444444445708e-01	0.0000000000000000e+00	1.0295908931202566e+00
211968	5.7500000000000000e+02	0	4	2304	2309	2304	0.0000000000000000e+00	8.6805555555554292e-01	0.0000000000000000e+00	7.3563218728314439e-01
211968	5.7500000000000000e+02	0	4	2304	2310	2304	0.0000000000000000e+00	1.0416666666666288e+00	0.0000000000000000e+00	5.2782136848886019e-01
211968	5.7500000000000000e+02	0	4	2304	2311	2304	0.0000000000000000e+00	1.2152777777777715e+00	0.0000000000000000e+00	3.7810683671572626e-01
211968	5.7500000000000000e+02	0	4	2304	2312	2304	0.0000000000000000e+00	1.3888888888888573e+00	0.0000000000000000e+00	2.7126067719765057e-01
211968	5.7500000000000000e+02	0	4	2304	2313	2304	0.0000000000000000e+00	1.5625000000000000e+00	0.0000000000000000e+00	1.9533547201084822e-01
211968	5.7500000000000000e+02	0	4	2304	2314	2304	0.0000000000000000e+00	1.7361111111110858e+00	0.0000000000000000e+00	1.4142161649758517e-01
211968	5.7500000000000000e+02	0	4	2304	2315	2304	0.0000000000000000e+00	1.9097222222222285e+00	0.0000000000000000e+00	1.0306553741925342e-01
211968	5.7500000000000000e+02	0	4	2304	2316	2304	0.0000000000000000e+00	2.0833333333333144e+00	0.0000000000000000e+00	7.5672785831590761e-02
211968	5.7500000000000000e+02	0	4	2304	2317	2304	0.0000000000000000e+00	2.2569444444444571e+00	0.0000000000000000e+00	5.6005979868334749e-02
211968	5.7500000000000000e+02	0	4	2304	2318	2304	0.0000000000000000e+00	2.4305555555555429e+00	0.0000000000000000e+00	4.1796132553957477e-02
211968	5.7500000000000000e+02	0	4	2304	2319	2304	0.0000000000000000e+00	2.6041666666666288e+00	0.0000000000000000e+00	3.1456181114136172e-02
211968	5.7500000000000000e+02	0	4	2304	2320	2304	0.0000000000000000e+00	2.7777777777777715e+00	0.0000000000000000e+00	2.3875125368483123e-02
211968	5.7500000000000000e+02	0	4	2304	2321	2304	0.0000000000000000e+00	2.9513888888888573e+00	0.0000000000000000e+00	1.8273120313404216e-02
211968	5.7500000000000000e+02	0	4	2304	2322	2304	0.0000000000000000e+00	3.1250000000000000e+00	0.0000000000000000e+00	1.4100449551189859e-02
211968	5.7500000000000000e+02	0	4	2304	2323	2304	0.0000000000000000e+00	3.2986111111110858e+00	0.0000000000000000e+00	1.0967559997938992e-02
211968	5.7500000000000000e+02	0	4	2304	2324	2304	0.0000000000000000e+00	3.4722222222222285e+00	0.0000000000000000e+00	8.5967196234153255e-03
211968	5.7500000000000000e+02	0	4	2304	2325	2304	0.0000000000000000e+00	3.6458333333333144e+00	0.0000000000000000e+00	6.7886119916433091e-03
211968	5.7500000000000000e+02	0	4	2304	2326	2304	0.0000000000000000e+00	3.8194444444444571e+00	0.0000000000000000e+00	5.3992033847811271e-03
211968	5.7500000000000000e+02	0	4	2304	2327	2304	0.0000000000000000e+00	3.9930555555555429e+00	0.0000000000000000e+00	4.3236666677853837e-03
211968	5.7500000000000000e+02	0	4	2304	2328	2304	0.0000000000000000e+00	4.1666666666666288e+00	0.0000000000000000e+00	3.4851581717529542e-03
211968	5.7500000000000000e+02	0	4	2304	2329	2304	0.0000000000000000e+00	4.3402777777777715e+00	0.0000000000000000e+00	2.8269409557286182e-03
211968	5.7500000000000000e+02	0	4	2304	2330	2304	0.0000000000000000e+00	4.5138888888888573e+00	0.0000000000000000e+00	2.3068242427703610e-03
211968	5.7500000000000000e+02	0	4	2304	2331	2304	0.0000000000000000e+00	4.6875000000000000e+00	0.0000000000000000e+00	1.8932132621630776e-03
211968	5.7500000000000000e+02	0	4	2304	2332	2304	0.0000000000000000e+00	4.8611111111110858e+00	0.0000000000000000e+00	1.5622850498207253e-03
211968	5.7500000000000000e+02	0	4	2304	2333	2304	0.0000000000000000e+00	5.0347222222222285e+00	0.0000000000000000e+00	1.2959541363437915e-03
211968	5.7500000000000000e+02	0	4	2304	2334	2304	0.0000000000000000e+00	5.2083333333333144e+00	0.0000000000000000e+00	1.0804124767708019e-03
211968	5.7500000000000000e+02	0	4	2304	2335	2304	0.0000000000000000e+00	5.3819444444444571e+00	0.0000000000000000e+00	9.0501209165814035e-04
211968	5.7500000000000000e+02	0	4	2304	2336	2304	0.0000000000000000e+00	5.5555555555555429e+00	0.0000000000000000e+00	7.6155417620660259e-04
211968	5.7500000000000000e+02	0	4	2304	2337	2304	0.0000000000000000e+00	5.7291666666666288e+00	0.0000000000000000e+00	6.4363413459850598e-04
211968	5.7500000000000000e+02	0	4	2304	2338	2304	0.0000000000000000e+00	5.9027777777777715e+00	0.0000000000000000e+00	5.4624435145973966e-04
211968	5.7500000000000000e+02	0	4	2304	2339	2304	0.0000000000000000e+00	6.0763888888888573e+00	0.0000000000000000e+00	4.6544325735017357e-04
211968	5.7500000000000000e+02	0	4	2304	2340	2304	0.0000000000000000e+00	6.2500000000000000e+00	0.0000000000000000e+00	3.9811155232465101e-04
211968	5.7500000000000000e+02	0	4	2304	2341	2304	0.0000000000000000e+00	6.4236111111110858e+00	0.0000000000000000e+00	3.4176791531807804e-04
211968	5.7500000000000000e+02	0	4	2304	2342	2304	0.0000000000000000e+00	6.5972222222222285e+00	0.0000000000000000e+00	2.9442861520534257e-04
211968	5.7500000000000000e+02	0	4	2304	2343	2304	0.0000000000000000e+00	6.7708333333333144e+00	0.0000000000000000e+00	2.5450010261811041e-04
211968	5.7500000000000000e+02	0	4	2304	2344	2304	0.0000000000000000e+00	6.9444444444444571e+00	0.0000000000000000e+00	2.2069637169736084e-04
211968	5.7500000000000000e+02	0	4	2304	2345	2304	0.0000000000000000e+00	7.1180555555555429e+00	0.0000000000000000e+00	1.9197504405306311e-04
211968	5.7500000000000000e+02	0	4	2304	2346	2304	0.0000000000000000e+00	7.2916666666666288e+00	0.0000000000000000e+00	1.6748766632784291e-04
211968	5.7500000000000000e+02	0	4	2304	2347	2304	0.0000000000000000e+00	7.4652777777777715e+00	0.0000000000000000e+00	1.4654083593377865e-04
211968	5.7500000000000000e+02	0	4	2304	2348	2304	0.0000000000000000e+00	7.6388888888888573e+00	0.0000000000000000e+00	1.2856562544253080e-04
211968	5.7500000000000000e+02	0	4	2304	2349	2304	0.0000000000000000e+00	7.8125000000000000e+00	0.0000000000000000e+00	1.1309340073010701e-04
211968	5.7500000000000000e+02	0	4	2304	2350	2304	0.0000000000000000e+00	7.9861111111110858e+00	0.0000000000000000e+00	9.9736619425118791e-05
211968	5.7500000000000000e+02	0	4	2304	2351	2304	0.0000000000000000e+00	8.1597222222222285e+00	0.0000000000000000e+00	8.8173536169463114e-05
211968	5.7500000000000000e+02	0	4	2304	2352	2304	0.0000000000000000e+00	8.3333333333333144e+00	0.0000000000000000e+00	7.8136000011731337e-05
211968	5.7500000000000000e+02	0	4	2304	2353	2304	0.0000000000000000e+00	8.5069444444444571e+00	0.0000000000000000e+00	6.9399712441947292e-05
211968	5.7500000000000000e+02	0	4	2304	2354	2304	0.0000000000000000e+00	8.6805555555555429e+00	0.0000000000000000e+00	6.1776433342684530e-05
211968	5.7500000000000000e+02	0	4	2304	2355	2304	0.0000000000000000e+00	8.8541666666666288e+00	0.0000000000000000e+00	5.5107721782393605e-05
211968	5.7500000000000000e+02	0	4	2304	2356	2304	0.0000000000000000e+00	9.0277777777777715e+00	0.0000000000000000e+00	4.9259880417951539e-05
211968	5.7500000000000000e+02	0	4	2304	2357	2304	0.0000000000000000e+00	9.2013888888888573e+00	0.0000000000000000e+00	4.4119833275426824e-05
211968	5.7500000000000000e+02	0	4	2304	2358	2304	0.0000000000000000e+00	9.3750000000000000e+00	0.0000000000000000e+00	3.9591730647038837e-05
211968	5.7500000000000000e+02	0	4	2304	2359	2304	0.0000000000000000e+00	9.5486111111110858e+00	0.0000000000000000e+00	3.5594127376261175e-05
211968	5.7500000000000000e+02	0	4	2304	2360	2304	0.0000000000000000e+00	9.7222222222222285e+00	0.0000000000000000e+00	3.2057620646348952e-05
211968	5.7500000000000000e+02	0	4	2304	2361	2304	0.0000000000000000e+00	9.8958333333333144e+00	0.0000000000000000e+00	2.8922871893445014e-05
211968	5.7500000000000000e+02	0	4	2304	2362	2304	0.0000000000000000e+00	1.0069444444444457e+01	0.0000000000000000e+00	2.6139007967438546e-05
211968	5.7500000000000000e+02	0	4	2304	2363	2304	0.0000000000000000e+00	1.0243055555555543e+01	0.0000000000000000e+00	2.3661790468587981e-05
211968	5.7500000000000000e+02	0	4	2304	2364	2304	0.0000000000000000e+00	1.0416666666666629e+01	0.0000000000000000e+00	2.1456334901227907e-05
211968	5.7500000000000000e+02	0	4	2304	2365	2304	0.0000000000000000e+00	1.0590277777777771e+01	0.0000000000000000e+00	1.9482559079496681e-05
211968	5.7500000000000000e+02	0	4	2304	2366	2304	0.0000000000000000e+00	1.0763888888888857e+01	0.0000000000000000e+00	1.7718730025812810e-05
211968	5.7500000000000000e+02	0	4	2304	2367	2304	0.0000000000000000e+00	1.0937500000000000e+01	0.0000000000000000e+00	1.6137824197538314e-05
211968	5.7500000000000000e+02	0	4	2304	2368	2304	0.0000000000000000e+00	1.1111111111111086e+01	0.0000000000000000e+00	1.4718403034415687e-05
211968	5.7500000000000000e+02	0	4	2304	2369	2304	0.0000000000000000e+00	1.1284722222222229e+01	0.0000000000000000e+00	1.3441763864564465e-05
211968	5.7500000000000000e+02	0	4	2304	2370	2304	0.0000000000000000e+00	1.1458333333333314e+01	0.0000000000000000e+00	1.2291644381421206e-05
211968	5.7500000000000000e+02	0	4	2304	2371	2304	0.0000000000000000e+00	1.1631944444444457e+01	0.0000000000000000e+00	1.1253886152159353e-05
211968	5.7500000000000000e+02	0	4	2304	2372	2304	0.0000000000000000e+00	1.1805555555555543e+01	0.0000000000000000e+00	1.0316154943931431e-05
211968	5.7500000000000000e+02	0	4	2304	2373	2304	0.0000000000000000e+00	1.1979166666666629e+01	0.0000000000000000e+00	9.4676904136840408e-06
211968	5.7500000000000000e+02	0	4	2304	2374	2304	0.0000000000000000e+00	1.2152777777777771e+01	0.0000000000000000e+00	8.6990718311553944e-06
211968	5.7500000000000000e+02	0	4	2304	2375	2304	0.0000000000000000e+00	1.2326388888888857e+01	0.0000000000000000e+00	8.0020054505823774e-06
211968	5.7500000000000000e+02	0	4	2304	2376	2304	0.0000000000000000e+00	1.2500000000000000e+01	0.0000000000000000e+00	7.3691310962627687e-06
211968	5.7500000000000000e+02	0	4	2304	2377	2304	0.0000000000000000e+00	1.2673611111111086e+01	0.0000000000000000e+00	6.7938752563569680e-06
211968	5.7500000000000000e+02	0	4	2304	2378	2304	0.0000000000000000e+00	1.2847222222222229e+01	0.0000000000000000e+00	6.2703445700987789e-06
211968	5.7500000000000000e+02	0	4	2304	2379	2304	0.0000000000000000e+00	1.3020833333333314e+01	0.0000000000000000e+00	5.7932683059802591e-06
211968	5.7500000000000000e+02	0	4	2304	2380	2304	0.0000000000000000e+00	1.3194444444444457e+01	0.0000000000000000e+00	5.3579479316193466e-06
211968	5.7500000000000000e+02	0	4	2304	2381	2304	0.0000000000000000e+00	1.3368055555555543e+01	0.0000000000000000e+00	4.9602144877623001e-06
211968	5.7500000000000000e+02	0	4	2304	2382	2304	0.0000000000000000e+00	1.3541666666666629e+01	0.0000000000000000e+00	4.5963689938090429e-06
211968	5.7500000000000000e+02	0	4	2304	2383	2304	0.0000000000000000e+00	1.3715277777777771e+01	0.0000000000000000e+00	4.2631265374467463e-06
211968	5.7500000000000000e+02	0	4	2304	2384	2304	0.0000000000000000e+00	1.3888888888888857e+01	0.0000000000000000e+00	3.9575653691692051e-06
211968	5.7500000000000000e+02	0	4	2304	2385	2304	0.0000000000000000e+00	1.4062500000000000e+01	0.0000000000000000e+00	3.6770941459609125e-06
211968	5.7500000000000000e+02	0	4	2304	2386	2304	0.0000000000000000e+00	1.4236111111111086e+01	0.0000000000000000e+00	3.4194246727092888e-06
211968	5.7500000000000000e+02	0	4	2304	2387	2304	0.0000000000000000e+00	1.4409722222222229e+01	0.0000000000000000e+00	3.1825415026061830e-06
211968	5.7500000000000000e+02	0	4	2304	2388	2304	0.0000000000000000e+00	1.4583333333333314e+01	0.0000000000000000e+00	2.9646633704808442e-06
211968	5.7500000000000000e+02	0	4	2304	2389	2304	0.0000000000000000e+00	1.4756944444444457e+01	0.0000000000000000e+00	2.7641964607478454e-06
211968	5.7500000000000000e+02	0	4	2304	2390	2304	0.0000000000000000e+00	1.4930555555555543e+01	0.0000000000000000e+00	2.5796899557109399e-06
211968	5.7500000000000000e+02	0	4	2304	2391	2304	0.0000000000000000e+00	1.5104166666666629e+01	0.0000000000000000e+00	2.4098007775477846e-06
211968	5.7500000000000000e+02	0	4	2304	2392	2304	0.0000000000000000e+00	1.5277777777777771e+01	0.0000000000000000e+00	2.2532687989099961e-06
211968	5.7500000000000000e+02	0	4	2304	2393	2304	0.0000000000000000e+00	1.5451388888888857e+01	0.0000000000000000e+00	2.1089058794263262e-06
211968	5.7500000000000000e+02	0	4	2304	2394	2304	0.0000000000000000e+00	1.5625000000000000e+01	0.0000000000000000e+00	1.9755926310823488e-06
211968	5.7500000000000000e+02	0	4	2304	2395	2304	0.0000000000000000e+00	1.5798611111111086e+01	0.0000000000000000e+00	1.8522771132518584e-06
211968	5.7500000000000000e+02	0	4	2304	2396	2304	0.0000000000000000e+00	1.5972222222222229e+01	0.0000000000000000e+00	1.7379805452123924e-06
211968	5.7500000000000000e+02	0	4	2304	2397	2304	0.0000000000000000e+00	1.6145833333333314e+01	0.0000000000000000e+00	1.6318002048128519e-06
211968	5.7500000000000000e+02	0	4	2304	2398	2304	0.0000000000000000e+00	1.6319444444444457e+01	0.0000000000000000e+00	1.5329165997616871e-06
211968	5.7500000000000000e+02	0	4	2304	2399	2304	0.0000000000000000e+00	1.6493055555555543e+01	0.0000000000000000e+00	1.4406015977289940e-06
211968	5.7500000000000000e+02	0	4	2304	2400	2304	0.0000000000000000e+00	1.6666666666666629e+01	0.0000000000000000e+00	1.3542281938888499e-06
211968	5.7500000000000000e+02	0	4	2304	2401	2304	0.0000000000000000e+00	1.6840277777777771e+01	0.0000000000000000e+00	1.2732786619823661e-06
211968	5.7500000000000000e+02	0	4	2304	2402	2304	0.0000000000000000e+00	1.7013888888888857e+01	0.0000000000000000e+00	1.1973489537137349e-06
211968	5.7500000000000000e+02	0	4	2304	2403	2304	0.0000000000000000e+00	1.7187500000000000e+01	0.0000000000000000e+00	1.1261430826980408e-06
211968	5.7500000000000000e+02	0	4	2304	2404	2304	0.0000000000000000e+00	1.7361111111111086e+01	0.0000000000000000e+00	1.0594544693629863e-06
211968	5.7500000000000000e+02	0	4	2304	2405	2304	0.0000000000000000e+00	1.7534722222222229e+01	0.0000000000000000e+00	9.9713363762121491e-07
211968	5.7500000000000000e+02	0	4	2304	2406	2304	0.0000000000000000e+00	1.7708333333333314e+01	0.0000000000000000e+00	9.3905263487490759e-07
211968	5.7500000000000000e+02	0	4	2304	2407	2304	0.0000000000000000e+00	1.7881944444444457e+01	0.0000000000000000e+00	8.8506515392021195e-07
211968	5.7500000000000000e+02	0	4	2304	2408	2304	0.0000000000000000e+00	1.8055555555555543e+01	0.0000000000000000e+00	8.3498764606261111e-07
211968	5.7500000000000000e+02	0	4	2304	2409	2304	0.0000000000000000e+00	1.8229166666666629e+01	0.0000000000000000e+00	7.8859071972231990e-07
211968	5.7500000000000000e+02	0	4	2304	2410	2304	0.0000000000000000e+00	1.8402777777777771e+01	0.0000000000000000e+00	7.4560837135339558e-07
211968	5.7500000000000000e+02	0	4	2304	2411	2304	0.0000000000000000e+00	1.8576388888888857e+01	0.0000000000000000e+00	7.0575830190116504e-07
211968	5.7500000000000000e+02	0	4	2304	2412	2304	0.0000000000000000e+00	1.8750000000000000e+01	0.0000000000000000e+00	6.6875859267981762e-07
211968	5.7500000000000000e+02	0	4	2304	2413	2304	0.0000000000000000e+00	1.8923611111111086e+01	0.0000000000000000e+00	6.3434381084823606e-07
211968	5.7500000000000000e+02	0	4	2304	2414	2304	0.0000000000000000e+00	1.9097222222222229e+01	0.0000000000000000e+00	6.0227071589356990e-07
211968	5.7500000000000000e+02	0	4	2304	2415	2304	0.0000000000000000e+00	1.9270833333333314e+01	0.0000000000000000e+00	5.7231916921300727e-07
211968	5.7500000000000000e+02	0	4	2304	2416	2304	0.0000000000000000e+00	1.9444444444444457e+01	0.0000000000000000e+00	5.4429041116505715e-07
211968	5.7500000000000000e+02	0	4	2304	2417	2304	0.0000000000000000e+00	1.9618055555555543e+01	0.0000000000000000e+00	5.1800208792684569e-07
211968	5.7500000000000000e+02	0	4	2304	2418	2304	0.0000000000000000e+00	1.9791666666666629e+01	0.0000000000000000e+00	4.9328904418638755e-07
211968	5.7500000000000000e+02	0	4	2304	2419	2304	0.0000000000000000e+00	1.9965277777777771e+01	0.0000000000000000e+00	4.7000121908954269e-07
211968	5.7500000000000000e+02	0	4	2304	2420	2304	0.0000000000000000e+00	2.0138888888888857e+01	0.0000000000000000e+00	4.4800631510910878e-07
211968	5.7500000000000000e+02	0	4	2304	2421	2304	0.0000000000000000e+00	2.0312500000000000e+01	0.0000000000000000e+00	4.2718898780952763e-07
211968	5.7500000000000000e+02	0	4	2304	2422	2304	0.0000000000000000e+00	2.0486111111111086e+01	0.0000000000000000e+00	4.0745338840348914e-07
211968	5.7500000000000000e+02	0	4	2304	2423	2304	0.0000000000000000e+00	2.0659722222222229e+01	0.0000000000000000e+00	3.8872073392871542e-07
211968	5.7500000000000000e+02	0	4	2304	2424	2304	0.0000000000000000e+00	2.0833333333333314e+01	0.0000000000000000e+00	3.7092600059456906e-07
211968	5.7500000000000000e+02	0	4	2304	2425	2304	0.0000000000000000e+00	2.1006944444444457e+01	0.0000000000000000e+00	3.5401335652046699e-07
211968	5.7500000000000000e+02	0	4	2304	2426	2304	0.0000000000000000e+00	2.1180555555555543e+01	0.0000000000000000e+00	3.3793315405938359e-07
211968	5.7500000000000000e+02	0	4	2304	2427	2304	0.0000000000000000e+00	2.1354166666666629e+01	0.0000000000000000e+00	3.2263574167432816e-07
211968	5.7500000000000000e+02	0	4	2304	2428	2304	0.0000000000000000e+00	2.1527777777777771e+01	0.0000000000000000e+00	3.0807452733241786e-07
211968	5.7500000000000000e+02	0	4	2304	2429	2304	0.0000000000000000e+00	2.1701388888888857e+01	0.0000000000000000e+00	2.9420433780776591e-07
211968	5.7500000000000000e+02	0	4	2304	2430	2304	0.0000000000000000e+00	2.1875000000000000e+01	0.0000000000000000e+00	2.8098293753263452e-07
211968	5.7500000000000000e+02	0	4	2304	2431	2304	0.0000000000000000e+00	2.2048611111111086e+01	0.0000000000000000e+00	2.6837293531305720e-07
211968	5.7500000000000000e+02	0	4	2304	2432	2304	0.0000000000000000e+00	2.2222222222222229e+01	0.0000000000000000e+00	2.5634347641176303e-07
211968	5.7500000000000000e+02	0	4	2304	2433	2304	0.0000000000000000e+00	2.2395833333333314e+01	0.0000000000000000e+00	2.4486957512778581e-07
211968	5.7500000000000000e+02	0	4	2304	2434	2304	0.0000000000000000e+00	2.2569444444444457e+01	0.0000000000000000e+00	2.3393530938028091e-07
211968	5.7500000000000000e+02	0	4	2304	2435	2304	0.0000000000000000e+00	2.2743055555555543e+01	0.0000000000000000e+00	2.2353186044937222e-07
211968	5.7500000000000000e+02	0	4	2304	2436	2304	0.0000000000000000e+00	2.2916666666666629e+01	0.0000000000000000e+00	2.1365853329164032e-07
211968	5.7500000000000000e+02	0	4	2304	2437	2304	0.0000000000000000e+00	2.3090277777777771e+01	0.0000000000000000e+00	2.0431977836396474e-07
211968	5.7500000000000000e+02	0	4	2304	2438	2304	0.0000000000000000e+00	2.3263888888888857e+01	0.0000000000000000e+00	1.9552703963813915e-07
211968	5.7500000000000000e+02	0	4	2304	2439	2304	0.0000000000000000e+00	2.3437500000000000e+01	0.0000000000000000e+00	1.8729757206695607e-07
211968	5.7500000000000000e+02	0	4	2304	2440	2304	0.0000000000000000e+00	2.3611111111111086e+01	0.0000000000000000e+00	1.7965369104500428e-07
211968	5.7500000000000000e+02	0	4	2304	2441	2304	0.0000000000000000e+00	2.3784722222222229e+01	0.0000000000000000e+00	1.7262092657478358e-07
211968	5.7500000000000000e+02	0	4	2304	2442	2304	0.0000000000000000e+00	2.3958333333333314e+01	0.0000000000000000e+00	1.6621674076128489e-07
211968	5.7500000000000000e+02	0	4	2304	2443	2304	0.0000000000000000e+00	2.4131944444444457e+01	0.0000000000000000e+00	1.6044226129246777e-07
211968	5.7500000000000000e+02	0	4	2304	2444	2304	0.0000000000000000e+00	2.4305555555555543e+01	0.0000000000000000e+00	1.5526929557783166e-07
211968	5.7500000000000000e+02	0	4	2304	2445	2304	0.0000000000000000e+00	2.4479166666666629e+01	0.0000000000000000e+00	1.5064128040929944e-07
211968	5.7500000000000000e+02	0	4	2304	2446	2304	0.0000000000000000e+00	2.4652777777777771e+01	0.0000000000000000e+00	1.4647196184292241e-07
211968	5.7500000000000000e+02	0	4	2304	2447	2304	0.0000000000000000e+00	2.4826388888888857e+01	0.0000000000000000e+00	1.4266743800903945e-07
211968	5.7500000000000000e+02	0	4	2304	2448	2304	0.0000000000000000e+00	2.5000000000000000e+01	0.0000000000000000e+00	1.3907180538216469e-07
211968	5.7500000000000000e+02	0	4	2304	2449	2304	0.0000000000000000e+00	2.5173611111111086e+01	0.0000000000000000e+00	1.1355689214239846e+00
211968	5.7500000000000000e+02	0	4	2304	2450	2304	0.0000000000000000e+00	2.5347222222222229e+01	0.0000000000000000e+00	1.1341394597675334e+00
211968	5.7500000000000000e+02	0	4	2304	2451	2304	0.0000000000000000e+00	2.5520833333333314e+01	0.0000000000000000e+00	6.6548328922079639e-02
211968	5.7500000000000000e+02	0	4	2304	2452	2304	0.0000000000000000e+00	2.5694444444444457e+01	0.0000000000000000e+00	1.1116971051035187e+00
211968	5.7500000000000000e+02	0	5	4608	4484	4608	0.0000000000000000e+00	-1.0763888888888914e+01	0.0000000000000000e+00	-3.0092727969347960e-01
211968	5.7500000000000000e+02	0	5	4608	4485	4608	0.0000000000000000e+00	-1.0677083333333371e+01	0.0000000000000000e+00	-2.9398035986923554e-01
211968	5.7500000000000000e+02	0	5	4608	4486	4608	0.0000000000000000e+00	-1.0590277777777771e+01	0.0000000000000000e+00	-2.8725680745904314e-01
211968	5.7500000000000000e+02	0	5	4608	4487	4608	0.0000000000000000e+00	-1.0503472222222229e+01	0.0000000000000000e+00	4.2396974324673133e-02
211968	5.7500000000000000e+02	0	5	4608	4488	4608	0.0000000000000000e+00	-1.0416666666666686e+01	0.0000000000000000e+00	2.1454430301509392e-05
211968	5.7500000000000000e+02	0	5	4608	4489	4608	0.0000000000000000e+00	-1.0329861111111143e+01	0.0000000000000000e+00	2.2526605210674572e-05
211968	5.7500000000000000e+02	0	5	4608	4490	4608	0.0000000000000000e+00	-1.0243055555555543e+01	0.0000000000000000e+00	2.3662064594176916e-05
211968	5.7500000000000000e+02	0	5	4608	4491	4608	0.0000000000000000e+00	-1.0156250000000000e+01	0.0000000000000000e+00	2.4864631701649056e-05
211968	5.7500000000000000e+02	0	5	4608	4492	4608	0.0000000000000000e+00	-1.0069444444444457e+01	0.0000000000000000e+00	2.6138969579362896e-05
211968	5.7500000000000000e+02	0	5	4608	4493	4608	0.0000000000000000e+00	-9.9826388888889142e+00	0.0000000000000000e+00	2.7489959690905019e-05
211968	5.7500000000000000e+02	0	5	4608	4494	4608	0.0000000000000000e+00	-9.8958333333333712e+00	0.0000000000000000e+00	2.8922873986641548e-05
211968	5.7500000000000000e+02	0	5	4608	4495	4608	0.0000000000000000e+00	-9.8090277777777715e+00	0.0000000000000000e+00	3.0443389782358753e-05
211968	5.7500000000000000e+02	0	5	4608	4496	4608	0.0000000000000000e+00	-9.7222222222222285e+00	0.0000000000000000e+00	3.2057621169011866e-05
211968	5.7500000000000000e+02	0	5	4608	4497	4608	0.0000000000000000e+00	-9.6354166666666856e+00	0.0000000000000000e+00	3.3772161780601829e-05
211968	5.7500000000000000e+02	0	5	4608	4498	4608	0.0000000000000000e+00	-9.5486111111111427e+00	0.0000000000000000e+00	3.5594128096964756e-05
211968	5.7500000000000000e+02	0	5	4608	4499	4608	0.0000000000000000e+00	-9.4618055555555429e+00	0.0000000000000000e+00	3.7531213084515856e-05
211968	5.7500000000000000e+02	0	5	4608	4500	4608	0.0000000000000000e+00	-9.3750000000000000e+00	0.0000000000000000e+00	3.9591732603066476e-05
211968	5.7500000000000000e+02	0	5	4608	4501	4608	0.0000000000000000e+00	-9.2881944444444571e+00	0.0000000000000000e+00	4.1784689690264465e-05
211968	5.7500000000000000e+02	0	5	4608	4502	4608	0.0000000000000000e+00	-9.2013888888889142e+00	0.0000000000000000e+00	4.4119834693131239e-05
211968	5.7500000000000000e+02	0	5	4608	4503	4608	0.0000000000000000e+00	-9.1145833333333712e+00	0.0000000000000000e+00	4.6607743534873817e-05
211968	5.7500000000000000e+02	0	5	4608	4504	4608	0.0000000000000000e+00	-9.0277777777777715e+00	0.0000000000000000e+00	4.9259882229870542e-05
211968	5.7500000000000000e+02	0	5	4608	4505	4608	0.0000000000000000e+00	-8.9409722222222285e+00	0.0000000000000000e+00	5.2088702008470980e-05
211968	5.7500000000000000e+02	0	5	4608	4506	4608	0.0000000000000000e+00	-8.8541666666666856e+00	0.0000000000000000e+00	5.5107722821811397e-05
211968	5.7500000000000000e+02	0	5	4608	4507	4608	0.0000000000000000e+00	-8.7673611111111427e+00	0.0000000000000000e+00	5.8331642350771682e-05
211968	5.7500000000000000e+02	0	5	4608	4508	4608	0.0000000000000000e+00	-8.6805555555555429e+00	0.0000000000000000e+00	6.1776434727778108e-05
211968	5.7500000000000000e+02	0	5	4608	4509	4608	0.0000000000000000e+00	-8.5937500000000000e+00	0.0000000000000000e+00	6.5459484708272893e-05
211968	5.7500000000000000e+02	0	5	4608	4510	4608	0.0000000000000000e+00	-8.5069444444444571e+00	0.0000000000000000e+00	6.9399712511418671e-05
211968	5.7500000000000000e+02	0	5	4608	4511	4608	0.0000000000000000e+00	-8.4201388888889142e+00	0.0000000000000000e+00	7.3617729719020693e-05
211968	5.7500000000000000e+02	0	5	4608	4512	4608	0.0000000000000000e+00	-8.3333333333333712e+00	0.0000000000000000e+00	7.8135999281217733e-05
211968	5.7500000000000000e+02	0	5	4608	4513	4608	0.0000000000000000e+00	-8.2465277777777715e+00	0.0000000000000000e+00	8.2979021334080369e-05
211968	5.7500000000000000e+02	0	5	4608	4514	4608	0.0000000000000000e+00	-8.1597222222222285e+00	0.0000000000000000e+00	8.8173534688795123e-05
211968	5.7500000000000000e+02	0	5	4608	4515	4608	0.0000000000000000e+00	-8.0729166666666856e+00	0.0000000000000000e+00	9.3748755246166724e-05
211968	5.7500000000000000e+02	0	5	4608	4516	4608	0.0000000000000000e+00	-7.9861111111111427e+00	0.0000000000000000e+00	9.9736618357774580e-05
211968	5.7500000000000000e+02	0	5	4608	4517	4608	0.0000000000000000e+00	-7.8993055555555429e+00	0.0000000000000000e+00	1.0617207287746768e-04
211968	5.7500000000000000e+02	0	5	4608	4518	4608	0.0000000000000000e+00	-7.8125000000000000e+00	0.0000000000000000e+00	1.1309339874538511e-04
211968	5.7500000000000000e+02	0	5	4608	4519	4608	0.0000000000000000e+00	-7.7256944444444571e+00	0.0000000000000000e+00	1.2054256374583963e-04
211968	5.7500000000000000e+02	0	5	4608	4520	4608	0.0000000000000000e+00	-7.6388888888889142e+00	0.0000000000000000e+00	1.2856562508003474e-04
211968	5.7500000000000000e+02	0	5	4608	4521	4608	0.0000000000000000e+00	-7.5520833333333712e+00	0.0000000000000000e+00	1.3721317132161107e-04
211968	5.7500000000000000e+02	0	5	4608	4522	4608	0.0000000000000000e+00	-7.4652777777777715e+00	0.0000000000000000e+00	1.4654083543893742e-04
211968	5.7500000000000000e+02	0	5	4608	4523	4608	0.0000000000000000e+00	-7.3784722222222285e+00	0.0000000000000000e+00	1.5660984783689167e-04
211968	5.7500000000000000e+02	0	5	4608	4524	4608	0.0000000000000000e+00	-7.2916666666666856e+00	0.0000000000000000e+00	1.6748766755216276e-04
211968	5.7500000000000000e+02	0	5	4608	4525	4608	0.0000000000000000e+00	-7.2048611111111427e+00	0.0000000000000000e+00	1.7924869166202655e-04
211968	5.7500000000000000e+02	0	5	4608	4526	4608	0.0000000000000000e+00	-7.1180555555555429e+00	0.0000000000000000e+00	1.9197504689672651e-04
211968	5.7500000000000000e+02	0	5	4608	4527	4608	0.0000000000000000e+00	-7.0312500000000000e+00	0.0000000000000000e+00	2.0575748314460510e-04
211968	5.7500000000000000e+02	0	5	4608	4528	4608	0.0000000000000000e+00	-6.9444444444444571e+00	0.0000000000000000e+00	2.2069637625170589e-04
211968	5.7500000000000000e+02	0	5	4608	4529	4608	0.0000000000000000e+00	-6.8576388888889142e+00	0.0000000000000000e+00	2.3690286083894108e-04
211968	5.7500000000000000e+02	0	5	4608	4530	4608	0.0000000000000000e+00	-6.7708333333333712e+00	0.0000000000000000e+00	2.5450010884211637e-04
211968	5.7500000000000000e+02	0	5	4608	4531	4608	0.0000000000000000e+00	-6.6840277777777715e+00	0.0000000000000000e+00	2.7362477340781298e-04
211968	5.7500000000000000e+02	0	5	4608	4532	4608	0.0000000000000000e+00	-6.5972222222222285e+00	0.0000000000000000e+00	2.9442862232012361e-04
211968	5.7500000000000000e+02	0	5	4608	4533	4608	0.0000000000000000e+00	-6.5104166666666856e+00	0.0000000000000000e+00	3.1708040046362799e-04
211968	5.7500000000000000e+02	0	5	4608	4534	4608	0.0000000000000000e+00	-6.4236111111111427e+00	0.0000000000000000e+00	3.4176792449607809e-04
211968	5.7500000000000000e+02	0	5	4608	4535	4608	0.0000000000000000e+00	-6.3368055555555429e+00	0.0000000000000000e+00	3.6870048374371914e-04
211968	5.7500000000000000e+02	0	5	4608	4536	4608	0.0000000000000000e+00	-6.2500000000000000e+00	0.0000000000000000e+00	3.9811156320999691e-04
211968	5.7500000000000000e+02	0	5	4608	4537	4608	0.0000000000000000e+00	-6.1631944444444571e+00	0.0000000000000000e+00	4.3026194837878905e-04
211968	5.7500000000000000e+02	0	5	4608	4538	4608	0.0000000000000000e+00	-6.0763888888889142e+00	0.0000000000000000e+00	4.6544327129406594e-04
211968	5.7500000000000000e+02	0	5	4608	4539	4608	0.0000000000000000e+00	-5.9895833333333712e+00	0.0000000000000000e+00	5.0398205805521888e-04
211968	5.7500000000000000e+02	0	5	4608	4540	4608	0.0000000000000000e+00	-5.9027777777777715e+00	0.0000000000000000e+00	5.4624437050665171e-04
211968	5.7500000000000000e+02	0	5	4608	4541	4608	0.0000000000000000e+00	-5.8159722222222285e+00	0.0000000000000000e+00	5.9264111606191592e-04
211968	5.7500000000000000e+02	0	5	4608	4542	4608	0.0000000000000000e+00	-5.7291666666666856e+00	0.0000000000000000e+00	6.4363413978862569e-04
211968	5.7500000000000000e+02	0	5	4608	4543	4608	0.0000000000000000e+00	-5.6423611111111427e+00	0.0000000000000000e+00	6.9974323967989254e-04
211968	5.7500000000000000e+02	0	5	4608	4544	4608	0.0000000000000000e+00	-5.5555555555555429e+00	0.0000000000000000e+00	7.6155422647054393e-04
211968	5.7500000000000000e+02	0	5	4608	4545	4608	0.0000000000000000e+00	-5.4687500000000000e+00	0.0000000000000000e+00	8.2972822538282228e-04
211968	5.7500000000000000e+02	0	5	4608	4546	4608	0.0000000000000000e+00	-5.3819444444444571e+00	0.0000000000000000e+00	9.0501222218089625e-04
211968	5.7500000000000000e+02	0	5	4608	4547	4608	0.0000000000000000e+00	-5.2951388888889142e+00	0.0000000000000000e+00	9.8825228432683401e-04
211968	5.7500000000000000e+02	0	5	4608	4548	4608	0.0000000000000000e+00	-5.2083333333333712e+00	0.0000000000000000e+00	1.0804187356253825e-03
211968	5.7500000000000000e+02	0	5	4608	4549	4608	0.0000000000000000e+00	-5.1215277777777715e+00	0.0000000000000000e+00	1.1825596271193466e-03
211968	5.7500000000000000e+02	0	5	4608	4550	4608	0.0000000000000000e+00	-5.0347222222222285e+00	0.0000000000000000e+00	1.2959553459452309e-03
211968	5.7500000000000000e+02	0	5	4608	4551	4608	0.0000000000000000e+00	-4.9479166666666856e+00	0.0000000000000000e+00	1.4219946410559366e-03
211968	5.7500000000000000e+02	0	5	4608	4552	4608	0.0000000000000000e+00	-4.8611111111111427e+00	0.0000000000000000e+00	1.5622850541780193e-03
211968	5.7500000000000000e+02	0	5	4608	4553	4608	0.0000000000000000e+00	-4.7743055555555429e+00	0.0000000000000000e+00	1.7186591610525151e-03
211968	5.7500000000000000e+02	0	5	4608	4554	4608	0.0000000000000000e+00	-4.6875000000000000e+00	0.0000000000000000e+00	1.8932134657202388e-03
211968	5.7500000000000000e+02	0	5	4608	4555	4608	0.0000000000000000e+00	-4.6006944444444571e+00	0.0000000000000000e+00	2.0883498358615130e-03
211968	5.7500000000000000e+02	0	5	4608	4556	4608	0.0000000000000000e+00	-4.5138888888889142e+00	0.0000000000000000e+00	2.3068245309145119e-03
211968	5.7500000000000000e+02	0	5	4608	4557	4608	0.0000000000000000e+00	-4.4270833333333712e+00	0.0000000000000000e+00	2.5518057574843191e-03
211968	5.7500000000000000e+02	0	5	4608	4558	4608	0.0000000000000000e+00	-4.3402777777777715e+00	0.0000000000000000e+00	2.8269413908683866e-03
211968	5.7500000000000000e+02	0	5	4608	4559	4608	0.0000000000000000e+00	-4.2534722222222285e+00	0.0000000000000000e+00	3.1364387595443199e-03
211968	5.7500000000000000e+02	0	5	4608	4560	4608	0.0000000000000000e+00	-4.1666666666666856e+00	0.0000000000000000e+00	3.4851588349961854e-03
211968	5.7500000000000000e+02	0	5	4608	4561	4608	0.0000000000000000e+00	-4.0798611111111427e+00	0.0000000000000000e+00	3.8787275595848509e-03
211968	5.7500000000000000e+02	0	5	4608	4562	4608	0.0000000000000000e+00	-3.9930555555555429e+00	0.0000000000000000e+00	4.3236676970673541e-03
211968	5.7500000000000000e+02	0	5	4608	4563	4608	0.0000000000000000e+00	-3.9062500000000000e+00	0.0000000000000000e+00	4.8275552020762020e-03
211968	5.7500000000000000e+02	0	5	4608	4564	4608	0.0000000000000000e+00	-3.8194444444444571e+00	0.0000000000000000e+00	5.3992049987534561e-03
211968	5.7500000000000000e+02	0	5	4608	4565	4608	0.0000000000000000e+00	-3.7326388888889142e+00	0.0000000000000000e+00	6.0488920129743596e-03
211968	5.7500000000000000e+02	0	5	4608	4566	4608	0.0000000000000000e+00	-3.6458333333333712e+00	0.0000000000000000e+00	6.7886145650355497e-03
211968	5.7500000000000000e+02	0	5	4608	4567	4608	0.0000000000000000e+00	-3.5590277777777715e+00	0.0000000000000000e+00	7.6324086975820531e-03
211968	5.7500000000000000e+02	0	5	4608	4568	4608	0.0000000000000000e+00	-3.4722222222222285e+00	0.0000000000000000e+00	8.5967237911395919e-03
211968	5.7500000000000000e+02	0	5	4608	4569	4608	0.0000000000000000e+00	-3.3854166666666856e+00	0.0000000000000000e+00	9.7008720316781420e-03
211968	5.7500000000000000e+02	0	5	4608	4570	4608	0.0000000000000000e+00	-3.2986111111111427e+00	0.0000000000000000e+00	1.0967566870471807e-02
211968	5.7500000000000000e+02	0	5	4608	4571	4608	0.0000000000000000e+00	-3.2118055555555429e+00	0.0000000000000000e+00	1.2423568869599427e-02
211968	5.7500000000000000e+02	0	5	4608	4572	4608	0.0000000000000000e+00	-3.1250000000000000e+00	0.0000000000000000e+00	1.4100461095317880e-02
211968	5.7500000000000000e+02	0	5	4608	4573	4608	0.0000000000000000e+00	-3.0381944444444571e+00	0.0000000000000000e+00	1.6035580851718183e-02
211968	5.7500000000000000e+02	0	5	4608	4574	4608	0.0000000000000000e+00	-2.9513888888889142e+00	0.0000000000000000e+00	1.8273140104538191e-02
211968	5.7500000000000000e+02	0	5	4608	4575	4608	0.0000000000000000e+00	-2.8645833333333712e+00	0.0000000000000000e+00	2.0865573419472108e-02
211968	5.7500000000000000e+02	0	5	4608	4576	4608	0.0000000000000000e+00	-2.7777777777777715e+00	0.0000000000000000e+00	2.3875160100078081e-02
211968	5.7500000000000000e+02	0	5	4608	4577	4608	0.0000000000000000e+00	-2.6909722222222285e+00	0.0000000000000000e+00	2.7375976290862969e-02
211968	5.7500000000000000e+02	0	5	4608	4578	4608	0.0000000000000000e+00	-2.6041666666666856e+00	0.0000000000000000e+00	3.1456243412640417e-02
211968	5.7500000000000000e+02	0	5	4608	4579	4608	0.0000000000000000e+00	-2.5173611111111427e+00	0.0000000000000000e+00	3.6221151524679182e-02
211968	5.7500000000000000e+02	0	5	4608	4580	4608	0.0000000000000000e+00	-2.4305555555555429e+00	0.0000000000000000e+00	4.1796249877668744e-02
211968	5.7500000000000000e+02	0	5	4608	4581	4608	0.0000000000000000e+00	-2.3437500000000000e+00	0.0000000000000000e+00	4.8331512890853127e-02
211968	5.7500000000000000e+02	0	5	4608	4582	4608	0.0000000000000000e+00	-2.2569444444444571e+00	0.0000000000000000e+00	5.6006199284267630e-02
211968	5.7500000000000000e+02	0	5	4608	4583	4608	0.0000000000000000e+00	-2.1701388888889142e+00	0.0000000000000000e+00	6.5034679317202998e-02
211968	5.7500000000000000e+02	0	5	4608	4584	4608	0.0000000000000000e+00	-2.0833333333333712e+00	0.0000000000000000e+00	7.5673235103974640e-02
211968	5.7500000000000000e+02	0	5	4608	4585	4608	0.0000000000000000e+00	-1.9965277777777715e+00	0.0000000000000000e+00	8.8228502860836000e-02
211968	5.7500000000000000e+02	0	5	4608	4586	4608	0.0000000000000000e+00	-1.9097222222222285e+00	0.0000000000000000e+00	1.0306658675843577e-01
211968	5.7500000000000000e+02	0	5	4608	4587	4608	0.0000000000000000e+00	-1.8229166666666856e+00	0.0000000000000000e+00	1.2062477202901067e-01
211968	5.7500000000000000e+02	0	5	4608	4588	4608	0.0000000000000000e+00	-1.7361111111111427e+00	0.0000000000000000e+00	1.4142424336135970e-01
211968	5.7500000000000000e+02	0	5	4608	4589	4608	0.0000000000000000e+00	-1.6493055555555429e+00	0.0000000000000000e+00	1.6608503037029937e-01
211968	5.7500000000000000e+02	0	5	4608	4590	4608	0.0000000000000000e+00	-1.5625000000000000e+00	0.0000000000000000e+00	1.9534279647757669e-01
211968	5.7500000000000000e+02	0	5	4608	4591	4608	0.0000000000000000e+00	-1.4756944444444571e+00	0.0000000000000000e+00	2.3006746086090735e-01
211968	5.7500000000000000e+02	0	5	4608	4592	4608	0.0000000000000000e+00	-1.3888888888889142e+00	0.0000000000000000e+00	2.7128334879826654e-01
211968	5.7500000000000000e+02	0	5	4608	4593	4608	0.0000000000000000e+00	-1.3020833333333712e+00	0.0000000000000000e+00	3.2019026448397225e-01
211968	5.7500000000000000e+02	0	5	4608	4594	4608	0.0000000000000000e+00	-1.2152777777777715e+00	0.0000000000000000e+00	3.7818444391027106e-01
211968	5.7500000000000000e+02	0	5	4608	4595	4608	0.0000000000000000e+00	-1.1284722222222285e+00	0.0000000000000000e+00	4.4687734716333205e-01
211968	5.7500000000000000e+02	0	5	4608	4596	4608	0.0000000000000000e+00	-1.0416666666666856e+00	0.0000000000000000e+00	5.2811145763622014e-01
211968	5.7500000000000000e+02	0	5	4608	4597	4608	0.0000000000000000e+00	-9.5486111111114269e-01	0.0000000000000000e+00	6.2396248248382069e-01
211968	5.7500000000000000e+02	0	5	4608	4598	4608	0.0000000000000000e+00	-8.6805555555554292e-01	0.0000000000000000e+00	7.3673112554133668e-01
211968	5.7500000000000000e+02	0	5	4608	4599	4608	0.0000000000000000e+00	-7.8125000000000000e-01	0.0000000000000000e+00	8.6890124887098752e-01
211968	5.7500000000000000e+02	0	5	4608	4600	4608	0.0000000000000000e+00	-6.9444444444445708e-01	0.0000000000000000e+00	1.0230444282940356e+00
211968	5.7500000000000000e+02	0	5	4608	4601	4608	0.0000000000000000e+00	-6.0763888888891415e-01	0.0000000000000000e+00	1.2016078314467213e+00
211968	5.7500000000000000e+02	0	5	4608	4602	4608	0.0000000000000000e+00	-5.2083333333337123e-01	0.0000000000000000e+00	1.4064026046303886e+00
211968	5.7500000000000000e+02	0	5	4608	4603	4608	0.0000000000000000e+00	-4.3402777777777146e-01	0.0000000000000000e+00	1.6372443367487755e+00
211968	5.7500000000000000e+02	0	5	4608	4604	4608	0.0000000000000000e+00	-3.4722222222222854e-01	0.0000000000000000e+00	1.8885212099435287e+00
211968	5.7500000000000000e+02	0	5	4608	4605	4608	0.0000000000000000e+00	-2.6041666666668561e-01	0.0000000000000000e+00	1.9990110631682620e+00
211968	5.7500000000000000e+02	0	5	4608	4606	4608	0.0000000000000000e+00	-1.7361111111114269e-01	0.0000000000000000e+00	2.7057346988808568e+00
211968	5.7500000000000000e+02	0	5	4608	4607	4608	0.0000000000000000e+00	-8.6805555555542924e-02	0.0000000000000000e+00	7.3257557875011869e-02
211968	5.7500000000000000e+02	0	5	4608	4608	4608	0.0000000000000000e+00	0.0000000000000000e+00	0.0000000000000000e+00	2.4730880353497664e+00
211968	5.7500000000000000e+02	0	5	4608	4609	4608	0.0000000000000000e+00	8.6805555555542924e-02	0.0000000000000000e+00	7.3257182972895185e-02
211968	5.7500000000000000e+02	0	5	4608	4610	4608	0.0000000000000000e+00	1.7361111111108585e-01	0.0000000000000000e+00	2.7057349046826054e+00
211968	5.7500000000000000e+02	0	5	4608	4611	4608	0.0000000000000000e+00	2.6041666666662877e-01	0.0000000000000000e+00	1.9990110030867214e+00
211968	5.7500000000000000e+02	0	5	4608	4612	4608	0.0000000000000000e+00	3.4722222222222854e-01	0.0000000000000000e+00	1.8885211971361870e+00
211968	5.7500000000000000e+02	0	5	4608	4613	4608	0.0000000000000000e+00	4.3402777777777146e-01	0.0000000000000000e+00	1.6372443174374558e+00
211968	5.7500000000000000e+02	0	5	4608	4614	4608	0.0000000000000000e+00	5.2083333333331439e-01	0.0000000000000000e+00	1.4064025872825034e+00
211968	5.7500000000000000e+02	0	5	4608	4615	4608	0.0000000000000000e+00	6.0763888888885731e-01	0.0000000000000000e+00	1.2016078162441866e+00
211968	5.7500000000000000e+02	0	5	4608	4616	4608	0.0000000000000000e+00	6.9444444444445708e-01	0.0000000000000000e+00	1.0230444151067244e+00
211968	5.7500000000000000e+02	0	5	4608	4617	4608	0.0000000000000000e+00	7.8125000000000000e-01	0.0000000000000000e+00	8.6890123753937720e-01
211968	5.7500000000000000e+02	0	5	4608	4618	4608	0.0000000000000000e+00	8.6805555555554292e-01	0.0000000000000000e+00	7.3673111585421980e-01
211968	5.7500000000000000e+02	0	5	4608	4619	4608	0.0000000000000000e+00	9.5486111111108585e-01	0.0000000000000000e+00	6.2396247423134010e-01
211968	5.7500000000000000e+02	0	5	4608	4620	4608	0.0000000000000000e+00	1.0416666666666288e+00	0.0000000000000000e+00	5.2811145063922527e-01
211968	5.7500000000000000e+02	0	5	4608	4621	4608	0.0000000000000000e+00	1.1284722222222285e+00	0.0000000000000000e+00	4.4687734125027373e-01
211968	5.7500000000000000e+02	0	5	4608	4622	4608	0.0000000000000000e+00	1.2152777777777715e+00	0.0000000000000000e+00	3.7818443892121500e-01
211968	5.7500000000000000e+02	0	5	4608	4623	4608	0.0000000000000000e+00	1.3020833333333144e+00	0.0000000000000000e+00	3.2019026027575348e-01
211968	5.7500000000000000e+02	0	5	4608	4624	4608	0.0000000000000000e+00	1.3888888888888573e+00	0.0000000000000000e+00	2.7128334525240627e-01
211968	5.7500000000000000e+02	0	5	4608	4625	4608	0.0000000000000000e+00	1.4756944444444571e+00	0.0000000000000000e+00	2.3006745787210459e-01
211968	5.7500000000000000e+02	0	5	4608	4626	4608	0.0000000000000000e+00	1.5625000000000000e+00	0.0000000000000000e+00	1.9534279396179816e-01
211968	5.7500000000000000e+02	0	5	4608	4627	4608	0.0000000000000000e+00	1.6493055555555429e+00	0.0000000000000000e+00	1.6608502825123206e-01
211968	5.7500000000000000e+02	0	5	4608	4628	4608	0.0000000000000000e+00	1.7361111111110858e+00	0.0000000000000000e+00	1.4142424157598721e-01
211968	5.7500000000000000e+02	0	5	4608	4629	4608	0.0000000000000000e+00	1.8229166666666288e+00	0.0000000000000000e+00	1.2062477052385562e-01
211968	5.7500000000000000e+02	0	5	4608	4630	4608	0.0000000000000000e+00	1.9097222222222285e+00	0.0000000000000000e+00	1.0306658549040497e-01
211968	5.7500000000000000e+02	0	5	4608	4631	4608	0.0000000000000000e+00	1.9965277777777715e+00	0.0000000000000000e+00	8.8228501790780720e-02
211968	5.7500000000000000e+02	0	5	4608	4632	4608	0.0000000000000000e+00	2.0833333333333144e+00	0.0000000000000000e+00	7.5673234200721945e-02
211968	5.7500000000000000e+02	0	5	4608	4633	4608	0.0000000000000000e+00	2.1701388888888573e+00	0.0000000000000000e+00	6.5034678552629024e-02
211968	5.7500000000000000e+02	0	5	4608	4634	4608	0.0000000000000000e+00	2.2569444444444571e+00	0.0000000000000000e+00	5.6006198638345633e-02
211968	5.7500000000000000e+02	0	5	4608	4635	4608	0.0000000000000000e+00	2.3437500000000000e+00	0.0000000000000000e+00	4.8331512341878741e-02
211968	5.7500000000000000e+02	0	5	4608	4636	4608	0.0000000000000000e+00	2.4305555555555429e+00	0.0000000000000000e+00	4.1796249411820252e-02
211968	5.7500000000000000e+02	0	5	4608	4637	4608	0.0000000000000000e+00	2.5173611111110858e+00	0.0000000000000000e+00	3.6221151128826325e-02
211968	5.7500000000000000e+02	0	5	4608	4638	4608	0.0000000000000000e+00	2.6041666666666288e+00	0.0000000000000000e+00	3.1456243075004720e-02
211968	5.7500000000000000e+02	0	5	4608	4639	4608	0.0000000000000000e+00	2.6909722222222285e+00	0.0000000000000000e+00	2.7375976003041331e-02
211968	5.7500000000000000e+02	0	5	4608	4640	4608	0.0000000000000000e+00	2.7777777777777715e+00	0.0000000000000000e+00	2.3875159853778458e-02
211968	5.7500000000000000e+02	0	5	4608	4641	4608	0.0000000000000000e+00	2.8645833333333144e+00	0.0000000000000000e+00	2.0865573207722470e-02
211968	5.7500000000000000e+02	0	5	4608	4642	4608	0.0000000000000000e+00	2.9513888888888573e+00	0.0000000000000000e+00	1.8273139923895614e-02
211968	5.7500000000000000e+02	0	5	4608	4643	4608	0.0000000000000000e+00	3.0381944444444571e+00	0.0000000000000000e+00	1.6035580695437854e-02
211968	5.7500000000000000e+02	0	5	4608	4644	4608	0.0000000000000000e+00	3.1250000000000000e+00	0.0000000000000000e+00	1.4100460960261310e-02
211968	5.7500000000000000e+02	0	5	4608	4645	4608	0.0000000000000000e+00	3.2118055555555429e+00	0.0000000000000000e+00	1.2423568754011773e-02
211968	5.7500000000000000e+02	0	5	4608	4646	4608	0.0000000000000000e+00	3.2986111111110858e+00	0.0000000000000000e+00	1.0967566769815421e-02
211968	5.7500000000000000e+02	0	5	4608	4647	4608	0.0000000000000000e+00	3.3854166666666288e+00	0.0000000000000000e+00	9.7008719442230155e-03
211968	5.7500000000000000e+02	0	5	4608	4648	4608	0.0000000000000000e+00	3.4722222222222285e+00	0.0000000000000000e+00	8.5967237167960120e-03
211968	5.7500000000000000e+02	0	5	4608	4649	4608	0.0000000000000000e+00	3.5590277777777715e+00	0.0000000000000000e+00	7.6324086320365657e-03
211968	5.7500000000000000e+02	0	5	4608	4650	4608	0.0000000000000000e+00	3.6458333333333144e+00	0.0000000000000000e+00	6.7886145081553183e-03
211968	5.7500000000000000e+02	0	5	4608	4651	4608	0.0000000000000000e+00	3.7326388888888573e+00	0.0000000000000000e+00	6.0488919642462443e-03
211968	5.7500000000000000e+02	0	5	4608	4652	4608	0.0000000000000000e+00	3.8194444444444571e+00	0.0000000000000000e+00	5.3992049558465420e-03
211968	5.7500000000000000e+02	0	5	4608	4653	4608	0.0000000000000000e+00	3.9062500000000000e+00	0.0000000000000000e+00	4.8275551640309267e-03
211968	5.7500000000000000e+02	0	5	4608	4654	4608	0.0000000000000000e+00	3.9930555555555429e+00	0.0000000000000000e+00	4.3236676636375111e-03
211968	5.7500000000000000e+02	0	5	4608	4655	4608	0.0000000000000000e+00	4.0798611111110858e+00	0.0000000000000000e+00	3.8787275304899673e-03
211968	5.7500000000000000e+02	0	5	4608	4656	4608	0.0000000000000000e+00	4.1666666666666288e+00	0.0000000000000000e+00	3.4851588104496596e-03
211968	5.7500000000000000e+02	0	5	4608	4657	4608	0.0000000000000000e+00	4.2534722222222285e+00	0.0000000000000000e+00	3.1364387388783475e-03
211968	5.7500000000000000e+02	0	5	4608	4658	4608	0.0000000000000000e+00	4.3402777777777715e+00	0.0000000000000000e+00	2.8269413716675430e-03
211968	5.7500000000000000e+02	0	5	4608	4659	4608	0.0000000000000000e+00	4.4270833333333144e+00	0.0000000000000000e+00	2.5518057409155102e-03
211968	5.7500000000000000e+02	0	5	4608	4660	4608	0.0000000000000000e+00	4.5138888888888573e+00	0.0000000000000000e+00	2.3068245168748622e-03
211968	5.7500000000000000e+02	0	5	4608	4661	4608	0.0000000000000000e+00	4.6006944444444571e+00	0.0000000000000000e+00	2.0883498236863611e-03
211968	5.7500000000000000e+02	0	5	4608	4662	4608	0.0000000000000000e+00	4.6875000000000000e+00	0.0000000000000000e+00	1.8932134541302177e-03
211968	5.7500000000000000e+02	0	5	4608	4663	4608	0.0000000000000000e+00	4.7743055555555429e+00	0.0000000000000000e+00	1.7186591515669478e-03
211968	5.7500000000000000e+02	0	5	4608	4664	4608	0.0000000000000000e+00	4.8611111111110858e+00	0.0000000000000000e+00	1.5622850452616348e-03
211968	5.7500000000000000e+02	0	5	4608	4665	4608	0.0000000000000000e+00	4.9479166666666288e+00	0.0000000000000000e+00	1.4219946331131658e-03
211968	5.7500000000000000e+02	0	5	4608	4666	4608	0.0000000000000000e+00	5.0347222222222285e+00	0.0000000000000000e+00	1.2959553390442561e-03
211968	5.7500000000000000e+02	0	5	4608	4667	4608	0.0000000000000000e+00	5.1215277777777715e+00	0.0000000000000000e+00	1.1825596212723217e-03
211968	5.7500000000000000e+02	0	5	4608	4668	4608	0.0000000000000000e+00	5.2083333333333144e+00	0.0000000000000000e+00	1.0804187285193263e-03
211968	5.7500000000000000e+02	0	5	4608	4669	4608	0.0000000000000000e+00	5.2951388888888573e+00	0.0000000000000000e+00	9.8825227980098274e-04
211968	5.7500000000000000e+02	0	5	4608	4670	4608	0.0000000000000000e+00	5.3819444444444571e+00	0.0000000000000000e+00	9.0501221950424959e-04
211968	5.7500000000000000e+02	0	5	4608	4671	4608	0.0000000000000000e+00	5.4687500000000000e+00	0.0000000000000000e+00	8.2972822160505945e-04
211968	5.7500000000000000e+02	0	5	4608	4672	4608	0.0000000000000000e+00	5.5555555555555429e+00	0.0000000000000000e+00	7.6155422377976990e-04
211968	5.7500000000000000e+02	0	5	4608	4673	4608	0.0000000000000000e+00	5.6423611111110858e+00	0.0000000000000000e+00	6.9974323569061856e-04
211968	5.7500000000000000e+02	0	5	4608	4674	4608	0.0000000000000000e+00	5.7291666666666288e+00	0.0000000000000000e+00	6.4363413771425289e-04
211968	5.7500000000000000e+02	0	5	4608	4675	4608	0.0000000000000000e+00	5.8159722222222285e+00	0.0000000000000000e+00	5.9264111248564307e-04
211968	5.7500000000000000e+02	0	5	4608	4676	4608	0.0000000000000000e+00	5.9027777777777715e+00	0.0000000000000000e+00	5.4624436763365896e-04
211968	5.7500000000000000e+02	0	5	4608	4677	4608	0.0000000000000000e+00	5.9895833333333144e+00	0.0000000000000000e+00	5.0398205425852621e-04
211968	5.7500000000000000e+02	0	5	4608	4678	4608	0.0000000000000000e+00	6.0763888888888573e+00	0.0000000000000000e+00	4.6544326660380805e-04
211968	5.7500000000000000e+02	0	5	4608	4679	4608	0.0000000000000000e+00	6.1631944444444571e+00	0.0000000000000000e+00	4.3026194513287261e-04
211968	5.7500000000000000e+02	0	5	4608	4680	4608	0.0000000000000000e+00	6.2500000000000000e+00	0.0000000000000000e+00	3.9811155930958181e-04
211968	5.7500000000000000e+02	0	5	4608	4681	4608	0.0000000000000000e+00	6.3368055555555429e+00	0.0000000000000000e+00	3.6870047977796965e-04
211968	5.7500000000000000e+02	0	5	4608	4682	4608	0.0000000000000000e+00	6.4236111111110858e+00	0.0000000000000000e+00	3.4176792031641518e-04
211968	5.7500000000000000e+02	0	5	4608	4683	4608	0.0000000000000000e+00	6.5104166666666288e+00	0.0000000000000000e+00	3.1708039644281067e-04
211968	5.7500000000000000e+02	0	5	4608	4684	4608	0.0000000000000000e+00	6.5972222222222285e+00	0.0000000000000000e+00	2.9442861871448579e-04
211968	5.7500000000000000e+02	0	5	4608	4685	4608	0.0000000000000000e+00	6.6840277777777715e+00	0.0000000000000000e+00	2.7362476953586307e-04
211968	5.7500000000000000e+02	0	5	4608	4686	4608	0.0000000000000000e+00	6.7708333333333144e+00	0.0000000000000000e+00	2.5450010528461794e-04
211968	5.7500000000000000e+02	0	5	4608	4687	4608	0.0000000000000000e+00	6.8576388888888573e+00	0.0000000000000000e+00	2.3690285840619833e-04
211968	5.7500000000000000e+02	0	5	4608	4688	4608	0.0000000000000000e+00	6.9444444444444571e+00	0.0000000000000000e+00	2.2069637252300760e-04
211968	5.7500000000000000e+02	0	5	4608	4689	4608	0.0000000000000000e+00	7.0312500000000000e+00	0.0000000000000000e+00	2.0575748209732776e-04
211968	5.7500000000000000e+02	0	5	4608	4690	4608	0.0000000000000000e+00	7.1180555555555429e+00	0.0000000000000000e+00	1.9197504503311639e-04
211968	5.7500000000000000e+02	0	5	4608	4691	4608	0.0000000000000000e+00	7.2048611111110858e+00	0.0000000000000000e+00	1.7924869074527046e-04
211968	5.7500000000000000e+02	0	5	4608	4692	4608	0.0000000000000000e+00	7.2916666666666288e+00	0.0000000000000000e+00	1.6748766719526433e-04
211968	5.7500000000000000e+02	0	5	4608	4693	4608	0.0000000000000000e+00	7.3784722222222285e+00	0.0000000000000000e+00	1.5660984846334005e-04
211968	5.7500000000000000e+02	0	5	4608	4694	4608	0.0000000000000000e+00	7.4652777777777715e+00	0.0000000000000000e+00	1.4654083680223993e-04
211968	5.7500000000000000e+02	0	5	4608	4695	4608	0.0000000000000000e+00	7.5520833333333144e+00	0.0000000000000000e+00	1.3721317293143937e-04
211968	5.7500000000000000e+02	0	5	4608	4696	4608	0.0000000000000000e+00	7.6388888888888573e+00	0.0000000000000000e+00	1.2856562675726254e-04
211968	5.7500000000000000e+02	0	5	4608	4697	4608	0.0000000000000000e+00	7.7256944444444571e+00	0.0000000000000000e+00	1.2054256632061111e-04
211968	5.7500000000000000e+02	0	5	4608	4698	4608	0.0000000000000000e+00	7.8125000000000000e+00	0.0000000000000000e+00	1.1309340158284201e-04
211968	5.7500000000000000e+02	0	5	4608	4699	4608	0.0000000000000000e+00	7.8993055555555429e+00	0.0000000000000000e+00	1.0617207461112641e-04
211968	5.7500000000000000e+02	0	5	4608	4700	4608	0.0000000000000000e+00	7.9861111111110858e+00	0.0000000000000000e+00	9.9736619700749112e-05
211968	5.7500000000000000e+02	0	5	4608	4701	4608	0.0000000000000000e+00	8.0729166666666288e+00	0.0000000000000000e+00	9.3748756559745974e-05
211968	5.7500000000000000e+02	0	5	4608	4702	4608	0.0000000000000000e+00	8.1597222222222285e+00	0.0000000000000000e+00	8.8173536550983071e-05
211968	5.7500000000000000e+02	0	5	4608	4703	4608	0.0000000000000000e+00	8.2465277777777715e+00	0.0000000000000000e+00	8.2979022066218393e-05
211968	5.7500000000000000e+02	0	5	4608	4704	4608	0.0000000000000000e+00	8.3333333333333144e+00	0.0000000000000000e+00	7.8136000603770694e-05
211968	5.7500000000000000e+02	0	5	4608	4705	4608	0.0000000000000000e+00	8.4201388888888573e+00	0.0000000000000000e+00	7.3617729543157219e-05
211968	5.7500000000000000e+02	0	5	4608	4706	4608	0.0000000000000000e+00	8.5069444444444571e+00	0.0000000000000000e+00	6.9399712970244357e-05
211968	5.7500000000000000e+02	0	5	4608	4707	4608	0.0000000000000000e+00	8.5937500000000000e+00	0.0000000000000000e+00	6.5459483205444635e-05
211968	5.7500000000000000e+02	0	5	4608	4708	4608	0.0000000000000000e+00	8.6805555555555429e+00	0.0000000000000000e+00	6.1776433063125751e-05
211968	5.7500000000000000e+02	0	5	4608	4709	4608	0.0000000000000000e+00	8.7673611111110858e+00	0.0000000000000000e+00	5.8331640072054950e-05
211968	5.7500000000000000e+02	0	5	4608	4710	4608	0.0000000000000000e+00	8.8541666666666288e+00	0.0000000000000000e+00	5.5107722044913022e-05
211968	5.7500000000000000e+02	0	5	4608	4711	4608	0.0000000000000000e+00	8.9409722222222285e+00	0.0000000000000000e+00	5.2088700375885868e-05
211968	5.7500000000000000e+02	0	5	4608	4712	4608	0.0000000000000000e+00	9.0277777777777715e+00	0.0000000000000000e+00	4.9259880460268628e-05
211968	5.7500000000000000e+02	0	5	4608	4713	4608	0.0000000000000000e+00	9.1145833333333144e+00	0.0000000000000000e+00	4.6607741956101250e-05
211968	5.7500000000000000e+02	0	5	4608	4714	4608	0.0000000000000000e+00	9.2013888888888573e+00	0.0000000000000000e+00	4.4119832980496254e-05
211968	5.7500000000000000e+02	0	5	4608	4715	4608	0.0000000000000000e+00	9.2881944444444571e+00	0.0000000000000000e+00	4.1784687619811776e-05
211968	5.7500000000000000e+02	0	5	4608	4716	4608	0.0000000000000000e+00	9.3750000000000000e+00	0.0000000000000000e+00	3.9591730900232015e-05
211968	5.7500000000000000e+02	0	5	4608	4717	4608	0.0000000000000000e+00	9.4618055555555429e+00	0.0000000000000000e+00	3.7531211579047539e-05
211968	5.7500000000000000e+02	0	5	4608	4718	4608	0.0000000000000000e+00	9.5486111111110858e+00	0.0000000000000000e+00	3.5594127527112349e-05
211968	5.7500000000000000e+02	0	5	4608	4719	4608	0.0000000000000000e+00	9.6354166666666288e+00	0.0000000000000000e+00	3.3772160478997381e-05
211968	5.7500000000000000e+02	0	5	4608	4720	4608	0.0000000000000000e+00	9.7222222222222285e+00	0.0000000000000000e+00	3.2057620594314438e-05
211968	5.7500000000000000e+02	0	5	4608	4721	4608	0.0000000000000000e+00	9.8090277777777715e+00	0.0000000000000000e+00	3.0443390315170497e-05
211968	5.7500000000000000e+02	0	5	4608	4722	4608	0.0000000000000000e+00	9.8958333333333144e+00	0.0000000000000000e+00	2.8922874640143547e-05
211968	5.7500000000000000e+02	0	5	4608	4723	4608	0.0000000000000000e+00	9.9826388888888573e+00	0.0000000000000000e+00	2.7489960535267949e-05
211968	5.7500000000000000e+02	0	5	4608	4724	4608	0.0000000000000000e+00	1.0069444444444457e+01	0.0000000000000000e+00	2.6138970504184903e-05
211968	5.7500000000000000e+02	0	5	4608	4725	4608	0.0000000000000000e+00	1.0156250000000000e+01	0.0000000000000000e+00	2.4864633078901108e-05
211968	5.7500000000000000e+02	0	5	4608	4726	4608	0.0000000000000000e+00	1.0243055555555543e+01	0.0000000000000000e+00	2.3662067073354742e-05
211968	5.7500000000000000e+02	0	5	4608	4727	4608	0.0000000000000000e+00	1.0329861111111086e+01	0.0000000000000000e+00	2.2526607187791041e-05
211968	5.7500000000000000e+02	0	5	4608	4728	4608	0.0000000000000000e+00	1.0416666666666629e+01	0.0000000000000000e+00	2.1454432629011556e-05
211968	5.7500000000000000e+02	0	5	4608	4729	4608	0.0000000000000000e+00	1.0503472222222229e+01	0.0000000000000000e+00	0.0000000000000000e+00
211968	5.7500000000000000e+02	0	5	4608	4730	4608	0.0000000000000000e+00	1.0590277777777771e+01	0.0000000000000000e+00	0.0000000000000000e+00
211968	5.7500000000000000e+02	0	5	4608	4731	4608	0.0000000000000000e+00	1.0677083333333314e+01	0.0000000000000000e+00	0.0000000000000000e+00
211968	5.7500000000000000e+02	0	5	4608	4732	4608	0.0000000000000000e+00	1.0763888888888857e+01	0.0000000000000000e+00	0.0000000000000000e+00
211968	5.7500000000000000e+02	0	6	9216	9092	9216	0.0000000000000000e+00	-5.3819444444444571e+00	0.0000000000000000e+00	-4.7349539270568611e-06
211968	5.7500000000000000e+02	0	6	9216	9093	9216	0.0000000000000000e+00	-5.3385416666666856e+00	0.0000000000000000e+00	-6.9628456141649115e-06
211968	5.7500000000000000e+02	0	6	9216	9094	9216	0.0000000000000000e+00	-5.2951388888889142e+00	0.0000000000000000e+00	-8.6984062298093655e-06
211968	5.7500000000000000e+02	0	6	9216	9095	9216	0.0000000000000000e+00	-5.2517361111111427e+00	0.0000000000000000e+00	-9.6933335048029521e-06
211968	5.7500000000000000e+02	0	6	9216	9096	9216	0.0000000000000000e+00	-5.2083333333333712e+00	0.0000000000000000e+00	1.0804074329974795e-03
211968	5.7500000000000000e+02	0	6	9216	9097	9216	0.0000000000000000e+00	-5.1649305555555429e+00	0.0000000000000000e+00	1.1301594091112472e-03
211968	5.7500000000000000e+02	0	6	9216	9098	9216	0.0000000000000000e+00	-5.1215277777777715e+00	0.0000000000000000e+00	1.1825615265018442e-03
211968	5.7500000000000000e+02	0	6	9216	9099	9216	0.0000000000000000e+00	-5.0781250000000000e+00	0.0000000000000000e+00	1.2377697408629601e-03
211968	5.7500000000000000e+02	0	6	9216	9100	9216	0.0000000000000000e+00	-5.0347222222222285e+00	0.0000000000000000e+00	1.2959550916709713e-03
211968	5.7500000000000000e+02	0	6	9216	9101	9216	0.0000000000000000e+00	-4.9913194444444571e+00	0.0000000000000000e+00	1.3572988006215684e-03
211968	5.7500000000000000e+02	0	6	9216	9102	9216	0.0000000000000000e+00	-4.9479166666666856e+00	0.0000000000000000e+00	1.4219946613354515e-03
211968	5.7500000000000000e+02	0	6	9216	9103	9216	0.0000000000000000e+00	-4.9045138888889142e+00	0.0000000000000000e+00	1.4902496832124813e-03
211968	5.7500000000000000e+02	0	6	9216	9104	9216	0.0000000000000000e+00	-4.8611111111111427e+00	0.0000000000000000e+00	1.5622850542787517e-03
211968	5.7500000000000000e+02	0	6	9216	9105	9216	0.0000000000000000e+00	-4.8177083333333712e+00	0.0000000000000000e+00	1.6383372491744193e-03
211968	5.7500000000000000e+02	0	6	9216	9106	9216	0.0000000000000000e+00	-4.7743055555555429e+00	0.0000000000000000e+00	1.7186591601374324e-03
211968	5.7500000000000000e+02	0	6	9216	9107	9216	0.0000000000000000e+00	-4.7309027777777715e+00	0.0000000000000000e+00	1.8035213654261923e-03
211968	5.7500000000000000e+02	0	6	9216	9108	9216	0.0000000000000000e+00	-4.6875000000000000e+00	0.0000000000000000e+00	1.8932134670501153e-03
211968	5.7500000000000000e+02	0	6	9216	9109	9216	0.0000000000000000e+00	-4.6440972222222285e+00	0.0000000000000000e+00	1.9880455615608628e-03
211968	5.7500000000000000e+02	0	6	9216	9110	9216	0.0000000000000000e+00	-4.6006944444444571e+00	0.0000000000000000e+00	2.0883498359579706e-03
211968	5.7500000000000000e+02	0	6	9216	9111	9216	0.0000000000000000e+00	-4.5572916666666856e+00	0.0000000000000000e+00	2.1944822753867527e-03
211968	5.7500000000000000e+02	0	6	9216	9112	9216	0.0000000000000000e+00	-4.5138888888889142e+00	0.0000000000000000e+00	2.3068245323792837e-03
211968	5.7500000000000000e+02	0	6	9216	9113	9216	0.0000000000000000e+00	-4.4704861111111427e+00	0.0000000000000000e+00	2.4257859474026539e-03
211968	5.7500000000000000e+02	0	6	9216	9114	9216	0.0000000000000000e+00	-4.4270833333333712e+00	0.0000000000000000e+00	2.5518057582899611e-03
211968	5.7500000000000000e+02	0	6	9216	9115	9216	0.0000000000000000e+00	-4.3836805555555429e+00	0.0000000000000000e+00	2.6853554561467085e-03
211968	5.7500000000000000e+02	0	6	9216	9116	9216	0.0000000000000000e+00	-4.3402777777777715e+00	0.0000000000000000e+00	2.8269413908358484e-03
211968	5.7500000000000000e+02	0	6	9216	9117	9216	0.0000000000000000e+00	-4.2968750000000000e+00	0.0000000000000000e+00	2.9771075825596512e-03
211968	5.7500000000000000e+02	0	6	9216	9118	9216	0.0000000000000000e+00	-4.2534722222222285e+00	0.0000000000000000e+00	3.1364387603965353e-03
211968	5.7500000000000000e+02	0	6	9216	9119	9216	0.0000000000000000e+00	-4.2100694444444571e+00	0.0000000000000000e+00	3.3055637049186149e-03
211968	5.7500000000000000e+02	0	6	9216	9120	9216	0.0000000000000000e+00	-4.1666666666666856e+00	0.0000000000000000e+00	3.4851588366884042e-03
211968	5.7500000000000000e+02	0	6	9216	9121	9216	0.0000000000000000e+00	-4.1232638888889142e+00	0.0000000000000000e+00	3.6759521702520491e-03
211968	5.7500000000000000e+02	0	6	9216	9122	9216	0.0000000000000000e+00	-4.0798611111111427e+00	0.0000000000000000e+00	3.8787275603732675e-03
211968	5.7500000000000000e+02	0	6	9216	9123	9216	0.0000000000000000e+00	-4.0364583333333712e+00	0.0000000000000000e+00	4.0943294134135827e-03
211968	5.7500000000000000e+02	0	6	9216	9124	9216	0.0000000000000000e+00	-3.9930555555555429e+00	0.0000000000000000e+00	4.3236677020904472e-03
211968	5.7500000000000000e+02	0	6	9216	9125	9216	0.0000000000000000e+00	-3.9496527777777715e+00	0.0000000000000000e+00	4.5677235388074441e-03
211968	5.7500000000000000e+02	0	6	9216	9126	9216	0.0000000000000000e+00	-3.9062500000000000e+00	0.0000000000000000e+00	4.8275552075826350e-03
211968	5.7500000000000000e+02	0	6	9216	9127	9216	0.0000000000000000e+00	-3.8628472222222285e+00	0.0000000000000000e+00	5.1043047183674285e-03
211968	5.7500000000000000e+02	0	6	9216	9128	9216	0.0000000000000000e+00	-3.8194444444444571e+00	0.0000000000000000e+00	5.3992050033308536e-03
211968	5.7500000000000000e+02	0	6	9216	9129	9216	0.0000000000000000e+00	-3.7760416666666856e+00	0.0000000000000000e+00	5.7135877670064887e-03
211968	5.7500000000000000e+02	0	6	9216	9130	9216	0.0000000000000000e+00	-3.7326388888889142e+00	0.0000000000000000e+00	6.0488920200485949e-03
211968	5.7500000000000000e+02	0	6	9216	9131	9216	0.0000000000000000e+00	-3.6892361111111427e+00	0.0000000000000000e+00	6.4066734379242315e-03
211968	5.7500000000000000e+02	0	6	9216	9132	9216	0.0000000000000000e+00	-3.6458333333333712e+00	0.0000000000000000e+00	6.7886145765260466e-03
211968	5.7500000000000000e+02	0	6	9216	9133	9216	0.0000000000000000e+00	-3.6024305555555429e+00	0.0000000000000000e+00	7.1965360451061800e-03
211968	5.7500000000000000e+02	0	6	9216	9134	9216	0.0000000000000000e+00	-3.5590277777777715e+00	0.0000000000000000e+00	7.6324087116832837e-03
211968	5.7500000000000000e+02	0	6	9216	9135	9216	0.0000000000000000e+00	-3.5156250000000000e+00	0.0000000000000000e+00	8.0983670592414125e-03
211968	5.7500000000000000e+02	0	6	9216	9136	9216	0.0000000000000000e+00	-3.4722222222222285e+00	0.0000000000000000e+00	8.5967238078349974e-03
211968	5.7500000000000000e+02	0	6	9216	9137	9216	0.0000000000000000e+00	-3.4288194444444571e+00	0.0000000000000000e+00	9.1299859059380123e-03
211968	5.7500000000000000e+02	0	6	9216	9138	9216	0.0000000000000000e+00	-3.3854166666666856e+00	0.0000000000000000e+00	9.7008720540992729e-03
211968	5.7500000000000000e+02	0	6	9216	9139	9216	0.0000000000000000e+00	-3.3420138888889142e+00	0.0000000000000000e+00	1.0312331861671450e-02
211968	5.7500000000000000e+02	0	6	9216	9140	9216	0.0000000000000000e+00	-3.2986111111111427e+00	0.0000000000000000e+00	1.0967566898557350e-02
211968	5.7500000000000000e+02	0	6	9216	9141	9216	0.0000000000000000e+00	-3.2552083333333712e+00	0.0000000000000000e+00	1.1670053674395123e-02
211968	5.7500000000000000e+02	0	6	9216	9142	9216	0.0000000000000000e+00	-3.2118055555555429e+00	0.0000000000000000e+00	1.2423568907480602e-02
211968	5.7500000000000000e+02	0	6	9216	9143	9216	0.0000000000000000e+00	-3.1684027777777715e+00	0.0000000000000000e+00	1.3232217149356082e-02
211968	5.7500000000000000e+02	0	6	9216	9144	9216	0.0000000000000000e+00	-3.1250000000000000e+00	0.0000000000000000e+00	1.4100461142597453e-02
211968	5.7500000000000000e+02	0	6	9216	9145	9216	0.0000000000000000e+00	-3.0815972222222285e+00	0.0000000000000000e+00	1.5033155043235925e-02
211968	5.7500000000000000e+02	0	6	9216	9146	9216	0.0000000000000000e+00	-3.0381944444444571e+00	0.0000000000000000e+00	1.6035580912635145e-02
211968	5.7500000000000000e+02	0	6	9216	9147	9216	0.0000000000000000e+00	-2.9947916666666856e+00	0.0000000000000000e+00	1.7113488712491323e-02
211968	5.7500000000000000e+02	0	6	9216	9148	9216	0.0000000000000000e+00	-2.9513888888889142e+00	0.0000000000000000e+00	1.8273140185056234e-02
211968	5.7500000000000000e+02	0	6	9216	9149	9216	0.0000000000000000e+00	-2.9079861111111427e+00	0.0000000000000000e+00	1.9521356990648803e-02
211968	5.7500000000000000e+02	0	6	9216	9150	9216	0.0000000000000000e+00	-2.8645833333333712e+00	0.0000000000000000e+00	2.0865573528238122e-02
211968	5.7500000000000000e+02	0	6	9216	9151	9216	0.0000000000000000e+00	-2.8211805555555429e+00	0.0000000000000000e+00	2.2313894850294828e-02
211968	5.7500000000000000e+02	0	6	9216	9152	9216	0.0000000000000000e+00	-2.7777777777777715e+00	0.0000000000000000e+00	2.3875160243804486e-02
211968	5.7500000000000000e+02	0	6	9216	9153	9216	0.0000000000000000e+00	-2.7343750000000000e+00	0.0000000000000000e+00	2.5559012921087310e-02
211968	5.7500000000000000e+02	0	6	9216	9154	9216	0.0000000000000000e+00	-2.6909722222222285e+00	0.0000000000000000e+00	2.7375976484125413e-02
211968	5.7500000000000000e+02	0	6	9216	9155	9216	0.0000000000000000e+00	-2.6475694444444571e+00	0.0000000000000000e+00	2.9337538752804267e-02
211968	5.7500000000000000e+02	0	6	9216	9156	9216	0.0000000000000000e+00	-2.6041666666666856e+00	0.0000000000000000e+00	3.1456243677071914e-02
211968	5.7500000000000000e+02	0	6	9216	9157	9216	0.0000000000000000e+00	-2.5607638888889142e+00	0.0000000000000000e+00	3.3745792053758952e-02
211968	5.7500000000000000e+02	0	6	9216	9158	9216	0.0000000000000000e+00	-2.5173611111111427e+00	0.0000000000000000e+00	3.6221151886636174e-02
211968	5.7500000000000000e+02	0	6	9216	9159	9216	0.0000000000000000e+00	-2.4739583333333712e+00	0.0000000000000000e+00	3.8898679220881069e-02
211968	5.7500000000000000e+02	0	6	9216	9160	9216	0.0000000000000000e+00	-2.4305555555555429e+00	0.0000000000000000e+00	4.1796250420214842e-02
211968	5.7500000000000000e+02	0	6	9216	9161	9216	0.0000000000000000e+00	-2.3871527777777715e+00	0.0000000000000000e+00	4.4933406873225626e-02
211968	5.7500000000000000e+02	0	6	9216	9162	9216	0.0000000000000000e+00	-2.3437500000000000e+00	0.0000000000000000e+00	4.8331513190140757e-02
211968	5.7500000000000000e+02	0	6	9216	9163	9216	0.0000000000000000e+00	-2.3003472222222285e+00	0.0000000000000000e+00	5.2013929993686134e-02
211968	5.7500000000000000e+02	0	6	9216	9164	9216	0.0000000000000000e+00	-2.2569444444444571e+00	0.0000000000000000e+00	5.6006202428888437e-02
211968	5.7500000000000000e+02	0	6	9216	9165	9216	0.0000000000000000e+00	-2.2135416666666856e+00	0.0000000000000000e+00	6.0336266119226267e-02
211968	5.7500000000000000e+02	0	6	9216	9166	9216	0.0000000000000000e+00	-2.1701388888889142e+00	0.0000000000000000e+00	6.5034676415550802e-02
211968	5.7500000000000000e+02	0	6	9216	9167	9216	0.0000000000000000e+00	-2.1267361111111427e+00	0.0000000000000000e+00	7.0134825821973806e-02
211968	5.7500000000000000e+02	0	6	9216	9168	9216	0.0000000000000000e+00	-2.0833333333333712e+00	0.0000000000000000e+00	7.5673215748560535e-02
211968	5.7500000000000000e+02	0	6	9216	9169	9216	0.0000000000000000e+00	-2.0399305555555429e+00	0.0000000000000000e+00	8.1689950902502709e-02
211968	5.7500000000000000e+02	0	6	9216	9170	9216	0.0000000000000000e+00	-1.9965277777777715e+00	0.0000000000000000e+00	8.8228502201527115e-02
211968	5.7500000000000000e+02	0	6	9216	9171	9216	0.0000000000000000e+00	-1.9531250000000000e+00	0.0000000000000000e+00	9.5336668488810700e-02
211968	5.7500000000000000e+02	0	6	9216	9172	9216	0.0000000000000000e+00	-1.9097222222222285e+00	0.0000000000000000e+00	1.0306659235057659e-01
211968	5.7500000000000000e+02	0	6	9216	9173	9216	0.0000000000000000e+00	-1.8663194444444571e+00	0.0000000000000000e+00	1.1147523244932134e-01
211968	5.7500000000000000e+02	0	6	9216	9174	9216	0.0000000000000000e+00	-1.8229166666666856e+00	0.0000000000000000e+00	1.2062478021982731e-01
211968	5.7500000000000000e+02	0	6	9216	9175	9216	0.0000000000000000e+00	-1.7795138888889142e+00	0.0000000000000000e+00	1.3058310960281061e-01
211968	5.7500000000000000e+02	0	6	9216	9176	9216	0.0000000000000000e+00	-1.7361111111111427e+00	0.0000000000000000e+00	1.4142425692603311e-01
211968	5.7500000000000000e+02	0	6	9216	9177	9216	0.0000000000000000e+00	-1.6927083333333712e+00	0.0000000000000000e+00	1.5322893102111729e-01
211968	5.7500000000000000e+02	0	6	9216	9178	9216	0.0000000000000000e+00	-1.6493055555555429e+00	0.0000000000000000e+00	1.6608505347457447e-01
211968	5.7500000000000000e+02	0	6	9216	9179	9216	0.0000000000000000e+00	-1.6059027777777715e+00	0.0000000000000000e+00	1.8008832799175825e-01
211968	5.7500000000000000e+02	0	6	9216	9180	9216	0.0000000000000000e+00	-1.5625000000000000e+00	0.0000000000000000e+00	1.9534283714743109e-01
211968	5.7500000000000000e+02	0	6	9216	9181	9216	0.0000000000000000e+00	-1.5190972222222285e+00	0.0000000000000000e+00	2.1196166404537514e-01
211968	5.7500000000000000e+02	0	6	9216	9182	9216	0.0000000000000000e+00	-1.4756944444444571e+00	0.0000000000000000e+00	2.3006753487727322e-01
211968	5.7500000000000000e+02	0	6	9216	9183	9216	0.0000000000000000e+00	-1.4322916666666856e+00	0.0000000000000000e+00	2.4979347741946506e-01
211968	5.7500000000000000e+02	0	6	9216	9184	9216	0.0000000000000000e+00	-1.3888888888889142e+00	0.0000000000000000e+00	2.7128348836633920e-01
211968	5.7500000000000000e+02	0	6	9216	9185	9216	0.0000000000000000e+00	-1.3454861111111427e+00	0.0000000000000000e+00	2.9469320065800336e-01
211968	5.7500000000000000e+02	0	6	9216	9186	9216	0.0000000000000000e+00	-1.3020833333333712e+00	0.0000000000000000e+00	3.2019053909939166e-01
211968	5.7500000000000000e+02	0	6	9216	9187	9216	0.0000000000000000e+00	-1.2586805555555429e+00	0.0000000000000000e+00	3.4795634955112420e-01
211968	5.7500000000000000e+02	0	6	9216	9188	9216	0.0000000000000000e+00	-1.2152777777777715e+00	0.0000000000000000e+00	3.7818498230885700e-01
211968	5.7500000000000000e+02	0	6	9216	9189	9216	0.0000000000000000e+00	-1.1718750000000000e+00	0.0000000000000000e+00	4.1108481218642839e-01
211968	5.7500000000000000e+02	0	6	9216	9190	9216	0.0000000000000000e+00	-1.1284722222222285e+00	0.0000000000000000e+00	4.4687856583074864e-01
211968	5.7500000000000000e+02	0	6	9216	9191	9216	0.0000000000000000e+00	-1.0850694444444571e+00	0.0000000000000000e+00	4.8580397409947801e-01
211968	5.7500000000000000e+02	0	6	9216	9192	9216	0.0000000000000000e+00	-1.0416666666666856e+00	0.0000000000000000e+00	5.2811426757369095e-01
211968	5.7500000000000000e+02	0	6	9216	9193	9216	0.0000000000000000e+00	-9.9826388888891415e-01	0.0000000000000000e+00	5.7407501313507714e-01
211968	5.7500000000000000e+02	0	6	9216	9194	9216	0.0000000000000000e+00	-9.5486111111114269e-01	0.0000000000000000e+00	6.2396868383017301e-01
211968	5.7500000000000000e+02	0	6	9216	9195	9216	0.0000000000000000e+00	-9.1145833333337123e-01	0.0000000000000000e+00	6.7809013216789671e-01
211968	5.7500000000000000e+02	0	6	9216	9196	9216	0.0000000000000000e+00	-8.6805555555554292e-01	0.0000000000000000e+00	7.3674666861828531e-01
211968	5.7500000000000000e+02	0	6	9216	9197	9216	0.0000000000000000e+00	-8.2465277777777146e-01	0.0000000000000000e+00	8.0025587459056491e-01
211968	5.7500000000000000e+02	0	6	9216	9198	9216	0.0000000000000000e+00	-7.8125000000000000e-01	0.0000000000000000e+00	8.6894288958083155e-01
211968	5.7500000000000000e+02	0	6	9216	9199	9216	0.0000000000000000e+00	-7.3784722222222854e-01	0.0000000000000000e+00	9.4313660670569188e-01
211968	5.7500000000000000e+02	0	6	9216	9200	9216	0.0000000000000000e+00	-6.9444444444445708e-01	0.0000000000000000e+00	1.0231645217733081e+00
211968	5.7500000000000000e+02	0	6	9216	9201	9216	0.0000000000000000e+00	-6.5104166666668561e-01	0.0000000000000000e+00	1.1093458280462927e+00
211968	5.7500000000000000e+02	0	6	9216	9202	9216	0.0000000000000000e+00	-6.0763888888891415e-01	0.0000000000000000e+00	1.2019821960870882e+00
211968	5.7500000000000000e+02	0	6	9216	9203	9216	0.0000000000000000e+00	-5.6423611111114269e-01	0.0000000000000000e+00	1.3013454609646151e+00
211968	5.7500000000000000e+02	0	6	9216	9204	9216	0.0000000000000000e+00	-5.2083333333337123e-01	0.0000000000000000e+00	1.4076610061749570e+00
211968	5.7500000000000000e+02	0	6	9216	9205	9216	0.0000000000000000e+00	-4.7743055555554292e-01	0.0000000000000000e+00	1.5210846251283612e+00
211968	5.7500000000000000e+02	0	6	9216	9206	9216	0.0000000000000000e+00	-4.3402777777777146e-01	0.0000000000000000e+00	1.6416682488960972e+00
211968	5.7500000000000000e+02	0	6	9216	9207	9216	0.0000000000000000e+00	-3.9062500000000000e-01	0.0000000000000000e+00	1.7693029855918034e+00
211968	5.7500000000000000e+02	0	6	9216	9208	9216	0.0000000000000000e+00	-3.4722222222222854e-01	0.0000000000000000e+00	1.9036058986797926e+00
211968	5.7500000000000000e+02	0	6	9216	9209	9216	0.0000000000000000e+00	-3.0381944444445708e-01	0.0000000000000000e+00	2.0436501010998716e+00
211968	5.7500000000000000e+02	0	6	9216	9210	9216	0.0000000000000000e+00	-2.6041666666668561e-01	0.0000000000000000e+00	2.1872080296583438e+00
211968	5.7500000000000000e+02	0	6	9216	9211	9216	0.0000000000000000e+00	-2.1701388888891415e-01	0.0000000000000000e+00	2.3281432331796634e+00
211968	5.7500000000000000e+02	0	6	9216	9212	9216	0.0000000000000000e+00	-1.7361111111114269e-01	0.0000000000000000e+00	2.4454794241179370e+00
211968	5.7500000000000000e+02	0	6	9216	9213	9216	0.0000000000000000e+00	-1.3020833333337123e-01	0.0000000000000000e+00	2.4886176641518909e+00
211968	5.7500000000000000e+02	0	6	9216	9214	9216	0.0000000000000000e+00	-8.6805555555542924e-02	0.0000000000000000e+00	2.4963478158928445e+00
211968	5.7500000000000000e+02	0	6	9216	9215	9216	0.0000000000000000e+00	-4.3402777777771462e-02	0.0000000000000000e+00	1.8011604450635383e+00
211968	5.7500000000000000e+02	0	6	9216	9216	9216	0.0000000000000000e+00	0.0000000000000000e+00	0.0000000000000000e+00	3.6379519797699027e+00
211968	5.7500000000000000e+02	0	6	9216	9217	9216	0.0000000000000000e+00	4.3402777777771462e-02	0.0000000000000000e+00	1.8011600232053988e+00
211968	5.7500000000000000e+02	0	6	9216	9218	9216	0.0000000000000000e+00	8.6805555555542924e-02	0.0000000000000000e+00	2.4963479771991297e+00
211968	5.7500000000000000e+02	0	6	9216	9219	9216	0.0000000000000000e+00	1.3020833333331439e-01	0.0000000000000000e+00	2.4886176612548185e+00
211968	5.7500000000000000e+02	0	6	9216	9220	9216	0.0000000000000000e+00	1.7361111111108585e-01	0.0000000000000000e+00	2.4454794039710701e+00
211968	5.7500000000000000e+02	0	6	9216	9221	9216	0.0000000000000000e+00	2.1701388888885731e-01	0.0000000000000000e+00	2.3281432132439948e+00
211968	5.7500000000000000e+02	0	6	9216	9222	9216	0.0000000000000000e+00	2.6041666666662877e-01	0.0000000000000000e+00	2.1872080068182989e+00
211968	5.7500000000000000e+02	0	6	9216	9223	9216	0.0000000000000000e+00	3.0381944444445708e-01	0.0000000000000000e+00	2.0436500784752165e+00
211968	5.7500000000000000e+02	0	6	9216	9224	9216	0.0000000000000000e+00	3.4722222222222854e-01	0.0000000000000000e+00	1.9036058768385344e+00
211968	5.7500000000000000e+02	0	6	9216	9225	9216	0.0000000000000000e+00	3.9062500000000000e-01	0.0000000000000000e+00	1.7693029647643821e+00
211968	5.7500000000000000e+02	0	6	9216	9226	9216	0.0000000000000000e+00	4.3402777777777146e-01	0.0000000000000000e+00	1.6416682291728808e+00
211968	5.7500000000000000e+02	0	6	9216	9227	9216	0.0000000000000000e+00	4.7743055555554292e-01	0.0000000000000000e+00	1.5210846065267307e+00
211968	5.7500000000000000e+02	0	6	9216	9228	9216	0.0000000000000000e+00	5.2083333333331439e-01	0.0000000000000000e+00	1.4076609887120850e+00
211968	5.7500000000000000e+02	0	6	9216	9229	9216	0.0000000000000000e+00	5.6423611111108585e-01	0.0000000000000000e+00	1.3013454446391277e+00
211968	5.7500000000000000e+02	0	6	9216	9230	9216	0.0000000000000000e+00	6.0763888888885731e-01	0.0000000000000000e+00	1.2019821808537452e+00
211968	5.7500000000000000e+02	0	6	9216	9231	9216	0.0000000000000000e+00	6.5104166666662877e-01	0.0000000000000000e+00	1.1093458138499321e+00
211968	5.7500000000000000e+02	0	6	9216	9232	9216	0.0000000000000000e+00	6.9444444444445708e-01	0.0000000000000000e+00	1.0231645085771159e+00
211968	5.7500000000000000e+02	0	6	9216	9233	9216	0.0000000000000000e+00	7.3784722222222854e-01	0.0000000000000000e+00	9.4313659446533871e-01
211968	5.7500000000000000e+02	0	6	9216	9234	9216	0.0000000000000000e+00	7.8125000000000000e-01	0.0000000000000000e+00	8.6894287824767469e-01
211968	5.7500000000000000e+02	0	6	9216	9235	9216	0.0000000000000000e+00	8.2465277777777146e-01	0.0000000000000000e+00	8.0025586410519756e-01
211968	5.7500000000000000e+02	0	6	9216	9236	9216	0.0000000000000000e+00	8.6805555555554292e-01	0.0000000000000000e+00	7.3674665893046654e-01
211968	5.7500000000000000e+02	0	6	9216	9237	9216	0.0000000000000000e+00	9.1145833333331439e-01	0.0000000000000000e+00	6.7809012322463458e-01
211968	5.7500000000000000e+02	0	6	9216	9238	9216	0.0000000000000000e+00	9.5486111111108585e-01	0.0000000000000000e+00	6.2396867557559932e-01
211968	5.7500000000000000e+02	0	6	9216	9239	9216	0.0000000000000000e+00	9.9826388888885731e-01	0.0000000000000000e+00	5.7407500553272461e-01
211968	5.7500000000000000e+02	0	6	9216	9240	9216	0.0000000000000000e+00	1.0416666666666288e+00	0.0000000000000000e+00	5.2811426057580191e-01
211968	5.7500000000000000e+02	0	6	9216	9241	9216	0.0000000000000000e+00	1.0850694444444571e+00	0.0000000000000000e+00	4.8580396766516842e-01
211968	5.7500000000000000e+02	0	6	9216	9242	9216	0.0000000000000000e+00	1.1284722222222285e+00	0.0000000000000000e+00	4.4687855991722059e-01
211968	5.7500000000000000e+02	0	6	9216	9243	9216	0.0000000000000000e+00	1.1718750000000000e+00	0.0000000000000000e+00	4.1108480675200781e-01
211968	5.7500000000000000e+02	0	6	9216	9244	9216	0.0000000000000000e+00	1.2152777777777715e+00	0.0000000000000000e+00	3.7818497732110934e-01
211968	5.7500000000000000e+02	0	6	9216	9245	9216	0.0000000000000000e+00	1.2586805555555429e+00	0.0000000000000000e+00	3.4795634496589134e-01
211968	5.7500000000000000e+02	0	6	9216	9246	9216	0.0000000000000000e+00	1.3020833333333144e+00	0.0000000000000000e+00	3.2019053489359361e-01
211968	5.7500000000000000e+02	0	6	9216	9247	9216	0.0000000000000000e+00	1.3454861111110858e+00	0.0000000000000000e+00	2.9469319679657713e-01
211968	5.7500000000000000e+02	0	6	9216	9248	9216	0.0000000000000000e+00	1.3888888888888573e+00	0.0000000000000000e+00	2.7128348481995951e-01
211968	5.7500000000000000e+02	0	6	9216	9249	9216	0.0000000000000000e+00	1.4322916666666288e+00	0.0000000000000000e+00	2.4979347416153624e-01
211968	5.7500000000000000e+02	0	6	9216	9250	9216	0.0000000000000000e+00	1.4756944444444571e+00	0.0000000000000000e+00	2.3006753188956747e-01
211968	5.7500000000000000e+02	0	6	9216	9251	9216	0.0000000000000000e+00	1.5190972222222285e+00	0.0000000000000000e+00	2.1196166129914709e-01
211968	5.7500000000000000e+02	0	6	9216	9252	9216	0.0000000000000000e+00	1.5625000000000000e+00	0.0000000000000000e+00	1.9534283463330127e-01
211968	5.7500000000000000e+02	0	6	9216	9253	9216	0.0000000000000000e+00	1.6059027777777715e+00	0.0000000000000000e+00	1.8008832568193836e-01
211968	5.7500000000000000e+02	0	6	9216	9254	9216	0.0000000000000000e+00	1.6493055555555429e+00	0.0000000000000000e+00	1.6608505135771726e-01
211968	5.7500000000000000e+02	0	6	9216	9255	9216	0.0000000000000000e+00	1.6927083333333144e+00	0.0000000000000000e+00	1.5322892907617874e-01
211968	5.7500000000000000e+02	0	6	9216	9256	9216	0.0000000000000000e+00	1.7361111111110858e+00	0.0000000000000000e+00	1.4142425514023732e-01
211968	5.7500000000000000e+02	0	6	9216	9257	9216	0.0000000000000000e+00	1.7795138888888573e+00	0.0000000000000000e+00	1.3058310796250017e-01
211968	5.7500000000000000e+02	0	6	9216	9258	9216	0.0000000000000000e+00	1.8229166666666288e+00	0.0000000000000000e+00	1.2062477871324201e-01
211968	5.7500000000000000e+02	0	6	9216	9259	9216	0.0000000000000000e+00	1.8663194444444571e+00	0.0000000000000000e+00	1.1147523107290702e-01
211968	5.7500000000000000e+02	0	6	9216	9260	9216	0.0000000000000000e+00	1.9097222222222285e+00	0.0000000000000000e+00	1.0306659108190788e-01
211968	5.7500000000000000e+02	0	6	9216	9261	9216	0.0000000000000000e+00	1.9531250000000000e+00	0.0000000000000000e+00	9.5336667324902799e-02
211968	5.7500000000000000e+02	0	6	9216	9262	9216	0.0000000000000000e+00	1.9965277777777715e+00	0.0000000000000000e+00	8.8228501131048936e-02
211968	5.7500000000000000e+02	0	6	9216	9263	9216	0.0000000000000000e+00	2.0399305555555429e+00	0.0000000000000000e+00	8.1689949924049154e-02
211968	5.7500000000000000e+02	0	6	9216	9264	9216	0.0000000000000000e+00	2.0833333333333144e+00	0.0000000000000000e+00	7.5673214844567085e-02
211968	5.7500000000000000e+02	0	6	9216	9265	9216	0.0000000000000000e+00	2.1267361111110858e+00	0.0000000000000000e+00	7.0134824994345951e-02
211968	5.7500000000000000e+02	0	6	9216	9266	9216	0.0000000000000000e+00	2.1701388888888573e+00	0.0000000000000000e+00	6.5034675650386675e-02
211968	5.7500000000000000e+02	0	6	9216	9267	9216	0.0000000000000000e+00	2.2135416666666288e+00	0.0000000000000000e+00	6.0336265418211618e-02
211968	5.7500000000000000e+02	0	6	9216	9268	9216	0.0000000000000000e+00	2.2569444444444571e+00	0.0000000000000000e+00	5.6006201782995903e-02
211968	5.7500000000000000e+02	0	6	9216	9269	9216	0.0000000000000000e+00	2.3003472222222285e+00	0.0000000000000000e+00	5.2013929400601816e-02
211968	5.7500000000000000e+02	0	6	9216	9270	9216	0.0000000000000000e+00	2.3437500000000000e+00	0.0000000000000000e+00	4.8331512641275755e-02
211968	5.7500000000000000e+02	0	6	9216	9271	9216	0.0000000000000000e+00	2.3871527777777715e+00	0.0000000000000000e+00	4.4933406368825639e-02
211968	5.7500000000000000e+02	0	6	9216	9272	9216	0.0000000000000000e+00	2.4305555555555429e+00	0.0000000000000000e+00	4.1796249954777702e-02
211968	5.7500000000000000e+02	0	6	9216	9273	9216	0.0000000000000000e+00	2.4739583333333144e+00	0.0000000000000000e+00	3.8898678793245108e-02
211968	5.7500000000000000e+02	0	6	9216	9274	9216	0.0000000000000000e+00	2.5173611111110858e+00	0.0000000000000000e+00	3.6221151490624943e-02
211968	5.7500000000000000e+02	0	6	9216	9275	9216	0.0000000000000000e+00	2.5607638888888573e+00	0.0000000000000000e+00	3.3745791689075155e-02
211968	5.7500000000000000e+02	0	6	9216	9276	9216	0.0000000000000000e+00	2.6041666666666288e+00	0.0000000000000000e+00	3.1456243338260144e-02
211968	5.7500000000000000e+02	0	6	9216	9277	9216	0.0000000000000000e+00	2.6475694444444571e+00	0.0000000000000000e+00	2.9337538441488144e-02
211968	5.7500000000000000e+02	0	6	9216	9278	9216	0.0000000000000000e+00	2.6909722222222285e+00	0.0000000000000000e+00	2.7375976197696786e-02
211968	5.7500000000000000e+02	0	6	9216	9279	9216	0.0000000000000000e+00	2.7343750000000000e+00	0.0000000000000000e+00	2.5559012656697855e-02
211968	5.7500000000000000e+02	0	6	9216	9280	9216	0.0000000000000000e+00	2.7777777777777715e+00	0.0000000000000000e+00	2.3875159996242807e-02
211968	5.7500000000000000e+02	0	6	9216	9281	9216	0.0000000000000000e+00	2.8211805555555429e+00	0.0000000000000000e+00	2.2313894620567459e-02
211968	5.7500000000000000e+02	0	6	9216	9282	9216	0.0000000000000000e+00	2.8645833333333144e+00	0.0000000000000000e+00	2.0865573314232073e-02
211968	5.7500000000000000e+02	0	6	9216	9283	9216	0.0000000000000000e+00	2.9079861111110858e+00	0.0000000000000000e+00	1.9521356795364819e-02
211968	5.7500000000000000e+02	0	6	9216	9284	9216	0.0000000000000000e+00	2.9513888888888573e+00	0.0000000000000000e+00	1.8273140004474917e-02
211968	5.7500000000000000e+02	0	6	9216	9285	9216	0.0000000000000000e+00	2.9947916666666288e+00	0.0000000000000000e+00	1.7113488547418232e-02
211968	5.7500000000000000e+02	0	6	9216	9286	9216	0.0000000000000000e+00	3.0381944444444571e+00	0.0000000000000000e+00	1.6035580757077054e-02
211968	5.7500000000000000e+02	0	6	9216	9287	9216	0.0000000000000000e+00	3.0815972222222285e+00	0.0000000000000000e+00	1.5033154897859800e-02
211968	5.7500000000000000e+02	0	6	9216	9288	9216	0.0000000000000000e+00	3.1250000000000000e+00	0.0000000000000000e+00	1.4100461007637217e-02
211968	5.7500000000000000e+02	0	6	9216	9289	9216	0.0000000000000000e+00	3.1684027777777715e+00	0.0000000000000000e+00	1.3232217026148206e-02
211968	5.7500000000000000e+02	0	6	9216	9290	9216	0.0000000000000000e+00	3.2118055555555429e+00	0.0000000000000000e+00	1.2423568790543217e-02
211968	5.7500000000000000e+02	0	6	9216	9291	9216	0.0000000000000000e+00	3.2552083333333144e+00	0.0000000000000000e+00	1.1670053566938012e-02
211968	5.7500000000000000e+02	0	6	9216	9292	9216	0.0000000000000000e+00	3.2986111111110858e+00	0.0000000000000000e+00	1.0967566797271431e-02
211968	5.7500000000000000e+02	0	6	9216	9293	9216	0.0000000000000000e+00	3.3420138888888573e+00	0.0000000000000000e+00	1.0312331767304525e-02
211968	5.7500000000000000e+02	0	6	9216	9294	9216	0.0000000000000000e+00	3.3854166666666288e+00	0.0000000000000000e+00	9.7008719634506906e-03
211968	5.7500000000000000e+02	0	6	9216	9295	9216	0.0000000000000000e+00	3.4288194444444571e+00	0.0000000000000000e+00	9.1299858278508193e-03
211968	5.7500000000000000e+02	0	6	9216	9296	9216	0.0000000000000000e+00	3.4722222222222285e+00	0.0000000000000000e+00	8.5967237305416312e-03
211968	5.7500000000000000e+02	0	6	9216	9297	9216	0.0000000000000000e+00	3.5156250000000000e+00	0.0000000000000000e+00	8.0983669910656871e-03
211968	5.7500000000000000e+02	0	6	9216	9298	9216	0.0000000000000000e+00	3.5590277777777715e+00	0.0000000000000000e+00	7.6324086447926761e-03
211968	5.7500000000000000e+02	0	6	9216	9299	9216	0.0000000000000000e+00	3.6024305555555429e+00	0.0000000000000000e+00	7.1965359831950874e-03
211968	5.7500000000000000e+02	0	6	9216	9300	9216	0.0000000000000000e+00	3.6458333333333144e+00	0.0000000000000000e+00	6.7886145164193605e-03
211968	5.7500000000000000e+02	0	6	9216	9301	9216	0.0000000000000000e+00	3.6892361111110858e+00	0.0000000000000000e+00	6.4066733839834283e-03
211968	5.7500000000000000e+02	0	6	9216	9302	9216	0.0000000000000000e+00	3.7326388888888573e+00	0.0000000000000000e+00	6.0488919724238487e-03
211968	5.7500000000000000e+02	0	6	9216	9303	9216	0.0000000000000000e+00	3.7760416666666288e+00	0.0000000000000000e+00	5.7135877220691415e-03
211968	5.7500000000000000e+02	0	6	9216	9304	9216	0.0000000000000000e+00	3.8194444444444571e+00	0.0000000000000000e+00	5.3992049607370050e-03
211968	5.7500000000000000e+02	0	6	9216	9305	9216	0.0000000000000000e+00	3.8628472222222285e+00	0.0000000000000000e+00	5.1043046746747341e-03
211968	5.7500000000000000e+02	0	6	9216	9306	9216	0.0000000000000000e+00	3.9062500000000000e+00	0.0000000000000000e+00	4.8275551675733015e-03
211968	5.7500000000000000e+02	0	6	9216	9307	9216	0.0000000000000000e+00	3.9496527777777715e+00	0.0000000000000000e+00	4.5677235036184656e-03
211968	5.7500000000000000e+02	0	6	9216	9308	9216	0.0000000000000000e+00	3.9930555555555429e+00	0.0000000000000000e+00	4.3236676683866080e-03
211968	5.7500000000000000e+02	0	6	9216	9309	9216	0.0000000000000000e+00	4.0364583333333144e+00	0.0000000000000000e+00	4.0943293819741865e-03
211968	5.7500000000000000e+02	0	6	9216	9310	9216	0.0000000000000000e+00	4.0798611111110858e+00	0.0000000000000000e+00	3.8787275343709965e-03
211968	5.7500000000000000e+02	0	6	9216	9311	9216	0.0000000000000000e+00	4.1232638888888573e+00	0.0000000000000000e+00	3.6759521387215205e-03
211968	5.7500000000000000e+02	0	6	9216	9312	9216	0.0000000000000000e+00	4.1666666666666288e+00	0.0000000000000000e+00	3.4851588137241787e-03
211968	5.7500000000000000e+02	0	6	9216	9313	9216	0.0000000000000000e+00	4.2100694444444571e+00	0.0000000000000000e+00	3.3055636818457735e-03
211968	5.7500000000000000e+02	0	6	9216	9314	9216	0.0000000000000000e+00	4.2534722222222285e+00	0.0000000000000000e+00	3.1364387406674736e-03
211968	5.7500000000000000e+02	0	6	9216	9315	9216	0.0000000000000000e+00	4.2968750000000000e+00	0.0000000000000000e+00	2.9771075648131139e-03
211968	5.7500000000000000e+02	0	6	9216	9316	9216	0.0000000000000000e+00	4.3402777777777715e+00	0.0000000000000000e+00	2.8269413734720241e-03
211968	5.7500000000000000e+02	0	6	9216	9317	9216	0.0000000000000000e+00	4.3836805555555429e+00	0.0000000000000000e+00	2.6853554382170733e-03
211968	5.7500000000000000e+02	0	6	9216	9318	9216	0.0000000000000000e+00	4.4270833333333144e+00	0.0000000000000000e+00	2.5518057419168750e-03
211968	5.7500000000000000e+02	0	6	9216	9319	9216	0.0000000000000000e+00	4.4704861111110858e+00	0.0000000000000000e+00	2.4257859340941646e-03
211968	5.7500000000000000e+02	0	6	9216	9320	9216	0.0000000000000000e+00	4.5138888888888573e+00	0.0000000000000000e+00	2.3068245167574063e-03
211968	5.7500000000000000e+02	0	6	9216	9321	9216	0.0000000000000000e+00	4.5572916666666288e+00	0.0000000000000000e+00	2.1944822638662741e-03
211968	5.7500000000000000e+02	0	6	9216	9322	9216	0.0000000000000000e+00	4.6006944444444571e+00	0.0000000000000000e+00	2.0883498263828868e-03
211968	5.7500000000000000e+02	0	6	9216	9323	9216	0.0000000000000000e+00	4.6440972222222285e+00	0.0000000000000000e+00	1.9880455511204131e-03
211968	5.7500000000000000e+02	0	6	9216	9324	9216	0.0000000000000000e+00	4.6875000000000000e+00	0.0000000000000000e+00	1.8932134534433770e-03
211968	5.7500000000000000e+02	0	6	9216	9325	9216	0.0000000000000000e+00	4.7309027777777715e+00	0.0000000000000000e+00	1.8035213558911353e-03
211968	5.7500000000000000e+02	0	6	9216	9326	9216	0.0000000000000000e+00	4.7743055555555429e+00	0.0000000000000000e+00	1.7186591526596547e-03
211968	5.7500000000000000e+02	0	6	9216	9327	9216	0.0000000000000000e+00	4.8177083333333144e+00	0.0000000000000000e+00	1.6383372406298603e-03
211968	5.7500000000000000e+02	0	6	9216	9328	9216	0.0000000000000000e+00	4.8611111111110858e+00	0.0000000000000000e+00	1.5622850440677146e-03
211968	5.7500000000000000e+02	0	6	9216	9329	9216	0.0000000000000000e+00	4.9045138888888573e+00	0.0000000000000000e+00	1.4902496766318557e-03
211968	5.7500000000000000e+02	0	6	9216	9330	9216	0.0000000000000000e+00	4.9479166666666288e+00	0.0000000000000000e+00	1.4219946544051188e-03
211968	5.7500000000000000e+02	0	6	9216	9331	9216	0.0000000000000000e+00	4.9913194444444571e+00	0.0000000000000000e+00	1.3572987925088871e-03
211968	5.7500000000000000e+02	0	6	9216	9332	9216	0.0000000000000000e+00	5.0347222222222285e+00	0.0000000000000000e+00	1.2959550857578848e-03
211968	5.7500000000000000e+02	0	6	9216	9333	9216	0.0000000000000000e+00	5.0781250000000000e+00	0.0000000000000000e+00	1.2377697362068076e-03
211968	5.7500000000000000e+02	0	6	9216	9334	9216	0.0000000000000000e+00	5.1215277777777715e+00	0.0000000000000000e+00	1.1825615199632950e-03
211968	5.7500000000000000e+02	0	6	9216	9335	9216	0.0000000000000000e+00	5.1649305555555429e+00	0.0000000000000000e+00	1.1301594048990721e-03
211968	5.7500000000000000e+02	0	6	9216	9336	9216	0.0000000000000000e+00	5.2083333333333144e+00	0.0000000000000000e+00	1.0804074240366702e-03
211968	5.7500000000000000e+02	0	6	9216	9337	9216	0.0000000000000000e+00	5.2517361111110858e+00	0.0000000000000000e+00	-7.1492433588005589e-04
211968	5.7500000000000000e+02	0	6	9216	9338	9216	0.0000000000000000e+00	5.2951388888888573e+00	0.0000000000000000e+00	-6.5006841392536605e-04
211968	5.7500000000000000e+02	0	6	9216	9339	9216	0.0000000000000000e+00	5.3385416666666288e+00	0.0000000000000000e+00	-5.9171679032305586e-04
211968	5.7500000000000000e+02	0	6	9216	9340	9216	0.0000000000000000e+00	5.3819444444444571e+00	0.0000000000000000e+00	-6.8951357175405913e-04
211968	5.7500000000000000e+02	0	7	18432	18332	18432	0.0000000000000000e+00	-2.1701388888889142e+00	0.0000000000000000e+00	-5.3427251067367850e-04
211968	5.7500000000000000e+02	0	7	18432	18333	18432	0.0000000000000000e+00	-2.1484375000000000e+00	0.0000000000000000e+00	3.0536731011083812e-02
211968	5.7500000000000000e+02	0	7	18432	18334	18432	0.0000000000000000e+00	-2.1267361111111427e+00	0.0000000000000000e+00	-5.4148100178520004e-04
211968	5.7500000000000000e+02	0	7	18432	18335	18432	0.0000000000000000e+00	-2.1050347222222285e+00	0.0000000000000000e+00	3.2384380002026709e-02
211968	5.7500000000000000e+02	0	7	18432	18336	18432	0.0000000000000000e+00	-2.0833333333333712e+00	0.0000000000000000e+00	7.5673325799566718e-02
211968	5.7500000000000000e+02	0	7	18432	18337	18432	0.0000000000000000e+00	-2.0616319444444571e+00	0.0000000000000000e+00	7.8619184359269179e-02
211968	5.7500000000000000e+02	0	7	18432	18338	18432	0.0000000000000000e+00	-2.0399305555555429e+00	0.0000000000000000e+00	8.1689952469086738e-02
211968	5.7500000000000000e+02	0	7	18432	18339	18432	0.0000000000000000e+00	-2.0182291666666856e+00	0.0000000000000000e+00	8.4891105867943767e-02
211968	5.7500000000000000e+02	0	7	18432	18340	18432	0.0000000000000000e+00	-1.9965277777777715e+00	0.0000000000000000e+00	8.8228502514661106e-02
211968	5.7500000000000000e+02	0	7	18432	18341	18432	0.0000000000000000e+00	-1.9748263888889142e+00	0.0000000000000000e+00	9.1708233014783258e-02
211968	5.7500000000000000e+02	0	7	18432	18342	18432	0.0000000000000000e+00	-1.9531250000000000e+00	0.0000000000000000e+00	9.5336668461731305e-02
211968	5.7500000000000000e+02	0	7	18432	18343	18432	0.0000000000000000e+00	-1.9314236111111427e+00	0.0000000000000000e+00	9.9120468395969441e-02
211968	5.7500000000000000e+02	0	7	18432	18344	18432	0.0000000000000000e+00	-1.9097222222222285e+00	0.0000000000000000e+00	1.0306659237721194e-01
211968	5.7500000000000000e+02	0	7	18432	18345	18432	0.0000000000000000e+00	-1.8880208333333712e+00	0.0000000000000000e+00	1.0718231368597828e-01
211968	5.7500000000000000e+02	0	7	18432	18346	18432	0.0000000000000000e+00	-1.8663194444444571e+00	0.0000000000000000e+00	1.1147523247750761e-01
211968	5.7500000000000000e+02	0	7	18432	18347	18432	0.0000000000000000e+00	-1.8446180555555429e+00	0.0000000000000000e+00	1.1595328944203377e-01
211968	5.7500000000000000e+02	0	7	18432	18348	18432	0.0000000000000000e+00	-1.8229166666666856e+00	0.0000000000000000e+00	1.2062478026066137e-01
211968	5.7500000000000000e+02	0	7	18432	18349	18432	0.0000000000000000e+00	-1.8012152777777715e+00	0.0000000000000000e+00	1.2549837023752689e-01
211968	5.7500000000000000e+02	0	7	18432	18350	18432	0.0000000000000000e+00	-1.7795138888889142e+00	0.0000000000000000e+00	1.3058310964461323e-01
211968	5.7500000000000000e+02	0	7	18432	18351	18432	0.0000000000000000e+00	-1.7578125000000000e+00	0.0000000000000000e+00	1.3588844934268196e-01
211968	5.7500000000000000e+02	0	7	18432	18352	18432	0.0000000000000000e+00	-1.7361111111111427e+00	0.0000000000000000e+00	1.4142425699112873e-01
211968	5.7500000000000000e+02	0	7	18432	18353	18432	0.0000000000000000e+00	-1.7144097222222285e+00	0.0000000000000000e+00	1.4720083367092235e-01
211968	5.7500000000000000e+02	0	7	18432	18354	18432	0.0000000000000000e+00	-1.6927083333333712e+00	0.0000000000000000e+00	1.5322893109803101e-01
211968	5.7500000000000000e+02	0	7	18432	18355	18432	0.0000000000000000e+00	-1.6710069444444571e+00	0.0000000000000000e+00	1.5951976906509593e-01
211968	5.7500000000000000e+02	0	7	18432	18356	18432	0.0000000000000000e+00	-1.6493055555555429e+00	0.0000000000000000e+00	1.6608505356762387e-01
211968	5.7500000000000000e+02	0	7	18432	18357	18432	0.0000000000000000e+00	-1.6276041666666856e+00	0.0000000000000000e+00	1.7293699522680628e-01
211968	5.7500000000000000e+02	0	7	18432	18358	18432	0.0000000000000000e+00	-1.6059027777777715e+00	0.0000000000000000e+00	1.8008832812928660e-01
211968	5.7500000000000000e+02	0	7	18432	18359	18432	0.0000000000000000e+00	-1.5842013888889142e+00	0.0000000000000000e+00	1.8755232908294109e-01
211968	5.7500000000000000e+02	0	7	18432	18360	18432	0.0000000000000000e+00	-1.5625000000000000e+00	0.0000000000000000e+00	1.9534283732256530e-01
211968	5.7500000000000000e+02	0	7	18432	18361	18432	0.0000000000000000e+00	-1.5407986111111427e+00	0.0000000000000000e+00	2.0347427435394688e-01
211968	5.7500000000000000e+02	0	7	18432	18362	18432	0.0000000000000000e+00	-1.5190972222222285e+00	0.0000000000000000e+00	2.1196166428174448e-01
211968	5.7500000000000000e+02	0	7	18432	18363	18432	0.0000000000000000e+00	-1.4973958333333712e+00	0.0000000000000000e+00	2.2082065424963904e-01
211968	5.7500000000000000e+02	0	7	18432	18364	18432	0.0000000000000000e+00	-1.4756944444444571e+00	0.0000000000000000e+00	2.3006753519908615e-01
211968	5.7500000000000000e+02	0	7	18432	18365	18432	0.0000000000000000e+00	-1.4539930555555429e+00	0.0000000000000000e+00	2.3971926269498794e-01
211968	5.7500000000000000e+02	0	7	18432	18366	18432	0.0000000000000000e+00	-1.4322916666666856e+00	0.0000000000000000e+00	2.4979347786666528e-01
211968	5.7500000000000000e+02	0	7	18432	18367	18432	0.0000000000000000e+00	-1.4105902777777715e+00	0.0000000000000000e+00	2.6030852830588380e-01
211968	5.7500000000000000e+02	0	7	18432	18368	18432	0.0000000000000000e+00	-1.3888888888889142e+00	0.0000000000000000e+00	2.7128348898305771e-01
211968	5.7500000000000000e+02	0	7	18432	18369	18432	0.0000000000000000e+00	-1.3671875000000000e+00	0.0000000000000000e+00	2.8273818290743225e-01
211968	5.7500000000000000e+02	0	7	18432	18370	18432	0.0000000000000000e+00	-1.3454861111111427e+00	0.0000000000000000e+00	2.9469320152313050e-01
211968	5.7500000000000000e+02	0	7	18432	18371	18432	0.0000000000000000e+00	-1.3237847222222285e+00	0.0000000000000000e+00	3.0716992473221005e-01
211968	5.7500000000000000e+02	0	7	18432	18372	18432	0.0000000000000000e+00	-1.3020833333333712e+00	0.0000000000000000e+00	3.2019054032280192e-01
211968	5.7500000000000000e+02	0	7	18432	18373	18432	0.0000000000000000e+00	-1.2803819444444571e+00	0.0000000000000000e+00	3.3377806282038675e-01
211968	5.7500000000000000e+02	0	7	18432	18374	18432	0.0000000000000000e+00	-1.2586805555555429e+00	0.0000000000000000e+00	3.4795635134411007e-01
211968	5.7500000000000000e+02	0	7	18432	18375	18432	0.0000000000000000e+00	-1.2369791666666856e+00	0.0000000000000000e+00	3.6275012644706495e-01
211968	5.7500000000000000e+02	0	7	18432	18376	18432	0.0000000000000000e+00	-1.2152777777777715e+00	0.0000000000000000e+00	3.7818498568336423e-01
211968	5.7500000000000000e+02	0	7	18432	18377	18432	0.0000000000000000e+00	-1.1935763888889142e+00	0.0000000000000000e+00	3.9428741726351502e-01
211968	5.7500000000000000e+02	0	7	18432	18378	18432	0.0000000000000000e+00	-1.1718750000000000e+00	0.0000000000000000e+00	4.1108481096072014e-01
211968	5.7500000000000000e+02	0	7	18432	18379	18432	0.0000000000000000e+00	-1.1501736111111427e+00	0.0000000000000000e+00	4.2860546468092198e-01
211968	5.7500000000000000e+02	0	7	18432	18380	18432	0.0000000000000000e+00	-1.1284722222222285e+00	0.0000000000000000e+00	4.4687858710544692e-01
211968	5.7500000000000000e+02	0	7	18432	18381	18432	0.0000000000000000e+00	-1.1067708333333712e+00	0.0000000000000000e+00	4.6593433677911544e-01
211968	5.7500000000000000e+02	0	7	18432	18382	18432	0.0000000000000000e+00	-1.0850694444444571e+00	0.0000000000000000e+00	4.8580394702057605e-01
211968	5.7500000000000000e+02	0	7	18432	18383	18432	0.0000000000000000e+00	-1.0633680555555429e+00	0.0000000000000000e+00	5.0651967180753865e-01
211968	5.7500000000000000e+02	0	7	18432	18384	18432	0.0000000000000000e+00	-1.0416666666666856e+00	0.0000000000000000e+00	5.2811447278113721e-01
211968	5.7500000000000000e+02	0	7	18432	18385	18432	0.0000000000000000e+00	-1.0199652777777715e+00	0.0000000000000000e+00	5.5062090981874445e-01
211968	5.7500000000000000e+02	0	7	18432	18386	18432	0.0000000000000000e+00	-9.9826388888891415e-01	0.0000000000000000e+00	5.7407502722341586e-01
211968	5.7500000000000000e+02	0	7	18432	18387	18432	0.0000000000000000e+00	-9.7656250000000000e-01	0.0000000000000000e+00	5.9851217284342395e-01
211968	5.7500000000000000e+02	0	7	18432	18388	18432	0.0000000000000000e+00	-9.5486111111114269e-01	0.0000000000000000e+00	6.2396870535681404e-01
211968	5.7500000000000000e+02	0	7	18432	18389	18432	0.0000000000000000e+00	-9.3315972222222854e-01	0.0000000000000000e+00	6.5048203757864942e-01
211968	5.7500000000000000e+02	0	7	18432	18390	18432	0.0000000000000000e+00	-9.1145833333337123e-01	0.0000000000000000e+00	6.7809018505498253e-01
211968	5.7500000000000000e+02	0	7	18432	18391	18432	0.0000000000000000e+00	-8.8975694444445708e-01	0.0000000000000000e+00	7.0683194810126171e-01
211968	5.7500000000000000e+02	0	7	18432	18392	18432	0.0000000000000000e+00	-8.6805555555554292e-01	0.0000000000000000e+00	7.3674675703225945e-01
211968	5.7500000000000000e+02	0	7	18432	18393	18432	0.0000000000000000e+00	-8.4635416666668561e-01	0.0000000000000000e+00	7.6787461979433447e-01
211968	5.7500000000000000e+02	0	7	18432	18394	18432	0.0000000000000000e+00	-8.2465277777777146e-01	0.0000000000000000e+00	8.0025602462941925e-01
211968	5.7500000000000000e+02	0	7	18432	18395	18432	0.0000000000000000e+00	-8.0295138888891415e-01	0.0000000000000000e+00	8.3393183245752966e-01
211968	5.7500000000000000e+02	0	7	18432	18396	18432	0.0000000000000000e+00	-7.8125000000000000e-01	0.0000000000000000e+00	8.6894315064263938e-01
211968	5.7500000000000000e+02	0	7	18432	18397	18432	0.0000000000000000e+00	-7.5954861111114269e-01	0.0000000000000000e+00	9.0533118580139671e-01
211968	5.7500000000000000e+02	0	7	18432	18398	18432	0.0000000000000000e+00	-7.3784722222222854e-01	0.0000000000000000e+00	9.4313707350796883e-01
211968	5.7500000000000000e+02	0	7	18432	18399	18432	0.0000000000000000e+00	-7.1614583333337123e-01	0.0000000000000000e+00	9.8240168137448225e-01
211968	5.7500000000000000e+02	0	7	18432	18400	18432	0.0000000000000000e+00	-6.9444444444445708e-01	0.0000000000000000e+00	1.0231653819265061e+00
211968	5.7500000000000000e+02	0	7	18432	18401	18432	0.0000000000000000e+00	-6.7274305555554292e-01	0.0000000000000000e+00	1.0654677909087411e+00
211968	5.7500000000000000e+02	0	7	18432	18402	18432	0.0000000000000000e+00	-6.5104166666668561e-01	0.0000000000000000e+00	1.1093474660915961e+00
211968	5.7500000000000000e+02	0	7	18432	18403	18432	0.0000000000000000e+00	-6.2934027777777146e-01	0.0000000000000000e+00	1.1548415613684246e+00
211968	5.7500000000000000e+02	0	7	18432	18404	18432	0.0000000000000000e+00	-6.0763888888891415e-01	0.0000000000000000e+00	1.2019854301488175e+00
211968	5.7500000000000000e+02	0	7	18432	18405	18432	0.0000000000000000e+00	-5.8593750000000000e-01	0.0000000000000000e+00	1.2508121709741440e+00
211968	5.7500000000000000e+02	0	7	18432	18406	18432	0.0000000000000000e+00	-5.6423611111114269e-01	0.0000000000000000e+00	1.3013521059409170e+00
211968	5.7500000000000000e+02	0	7	18432	18407	18432	0.0000000000000000e+00	-5.4253472222222854e-01	0.0000000000000000e+00	1.3536321803798192e+00
211968	5.7500000000000000e+02	0	7	18432	18408	18432	0.0000000000000000e+00	-5.2083333333337123e-01	0.0000000000000000e+00	1.4076752711757863e+00
211968	5.7500000000000000e+02	0	7	18432	18409	18432	0.0000000000000000e+00	-4.9913194444445708e-01	0.0000000000000000e+00	1.4634993891535908e+00
211968	5.7500000000000000e+02	0	7	18432	18410	18432	0.0000000000000000e+00	-4.7743055555554292e-01	0.0000000000000000e+00	1.5211167551721752e+00
211968	5.7500000000000000e+02	0	7	18432	18411	18432	0.0000000000000000e+00	-4.5572916666668561e-01	0.0000000000000000e+00	1.5805327230552342e+00
211968	5.7500000000000000e+02	0	7	18432	18412	18432	0.0000000000000000e+00	-4.3402777777777146e-01	0.0000000000000000e+00	1.6417445192278102e+00
211968	5.7500000000000000e+02	0	7	18432	18413	18432	0.0000000000000000e+00	-4.1232638888891415e-01	0.0000000000000000e+00	1.7047397429305888e+00
211968	5.7500000000000000e+02	0	7	18432	18414	18432	0.0000000000000000e+00	-3.9062500000000000e-01	0.0000000000000000e+00	1.7694945317806523e+00
211968	5.7500000000000000e+02	0	7	18432	18415	18432	0.0000000000000000e+00	-3.6892361111114269e-01	0.0000000000000000e+00	1.8359713385919303e+00
211968	5.7500000000000000e+02	0	7	18432	18416	18432	0.0000000000000000e+00	-3.4722222222222854e-01	0.0000000000000000e+00	1.9041163765484419e+00
211968	5.7500000000000000e+02	0	7	18432	18417	18432	0.0000000000000000e+00	-3.2552083333337123e-01	0.0000000000000000e+00	1.9738563584615307e+00
211968	5.7500000000000000e+02	0	7	18432	18418	18432	0.0000000000000000e+00	-3.0381944444445708e-01	0.0000000000000000e+00	2.0450942351741306e+00
211968	5.7500000000000000e+02	0	7	18432	18419	18432	0.0000000000000000e+00	-2.8211805555554292e-01	0.0000000000000000e+00	2.1177026291067031e+00
211968	5.7500000000000000e+02	0	7	18432	18420	18432	0.0000000000000000e+00	-2.6041666666668561e-01	0.0000000000000000e+00	2.1915109807564805e+00
211968	5.7500000000000000e+02	0	7	18432	18421	18432	0.0000000000000000e+00	-2.3871527777777146e-01	0.0000000000000000e+00	2.2662853654318651e+00
211968	5.7500000000000000e+02	0	7	18432	18422	18432	0.0000000000000000e+00	-2.1701388888891415e-01	0.0000000000000000e+00	2.3416900846411899e+00
211968	5.7500000000000000e+02	0	7	18432	18423	18432	0.0000000000000000e+00	-1.9531250000000000e-01	0.0000000000000000e+00	2.4171436988273562e+00
211968	5.7500000000000000e+02	0	7	18432	18424	18432	0.0000000000000000e+00	-1.7361111111114269e-01	0.0000000000000000e+00	2.4919129272431926e+00
211968	5.7500000000000000e+02	0	7	18432	18425	18432	0.0000000000000000e+00	-1.5190972222222854e-01	0.0000000000000000e+00	2.5626139373621304e+00
211968	5.7500000000000000e+02	0	7	18432	18426	18432	0.0000000000000000e+00	-1.3020833333337123e-01	0.0000000000000000e+00	2.6314097484976999e+00
211968	5.7500000000000000e+02	0	7	18432	18427	18432	0.0000000000000000e+00	-1.0850694444445708e-01	0.0000000000000000e+00	2.6695716826645670e+00
211968	5.7500000000000000e+02	0	7	18432	18428	18432	0.0000000000000000e+00	-8.6805555555542924e-02	0.0000000000000000e+00	2.6821368137375616e+00
211968	5.7500000000000000e+02	0	7	18432	18429	18432	0.0000000000000000e+00	-6.5104166666685614e-02	0.0000000000000000e+00	2.7256152469054609e+00
211968	5.7500000000000000e+02	0	7	18432	18430	18432	0.0000000000000000e+00	-4.3402777777771462e-02	0.0000000000000000e+00	2.3012569324391778e+00
211968	5.7500000000000000e+02	0	7	18432	18431	18432	0.0000000000000000e+00	-2.1701388888914153e-02	0.0000000000000000e+00	3.0562218427693884e+00
211968	5.7500000000000000e+02	0	7	18432	18432	18432	0.0000000000000000e+00	0.0000000000000000e+00	0.0000000000000000e+00	4.3170117434495383e+00
211968	5.7500000000000000e+02	0	7	18432	18433	18432	0.0000000000000000e+00	2.1701388888857309e-02	0.0000000000000000e+00	3.0562215046209338e+00
211968	5.7500000000000000e+02	0	7	18432	18434	18432	0.0000000000000000e+00	4.3402777777771462e-02	0.0000000000000000e+00	2.3012571985011205e+00
211968	5.7500000000000000e+02	0	7	18432	18435	18432	0.0000000000000000e+00	6.5104166666628771e-02	0.0000000000000000e+00	2.7256151538916074e+00
211968	5.7500000000000000e+02	0	7	18432	18436	18432	0.0000000000000000e+00	8.6805555555542924e-02	0.0000000000000000e+00	2.6821368130127414e+00
211968	5.7500000000000000e+02	0	7	18432	18437	18432	0.0000000000000000e+00	1.0850694444445708e-01	0.0000000000000000e+00	2.6695716967119609e+00
211968	5.7500000000000000e+02	0	7	18432	18438	18432	0.0000000000000000e+00	1.3020833333331439e-01	0.0000000000000000e+00	2.6314097155448213e+00
211968	5.7500000000000000e+02	0	7	18432	18439	18432	0.0000000000000000e+00	1.5190972222222854e-01	0.0000000000000000e+00	2.5626139201301701e+00
211968	5.7500000000000000e+02	0	7	18432	18440	18432	0.0000000000000000e+00	1.7361111111108585e-01	0.0000000000000000e+00	2.4919129026408573e+00
211968	5.7500000000000000e+02	0	7	18432	18441	18432	0.0000000000000000e+00	1.9531250000000000e-01	0.0000000000000000e+00	2.4171436751092408e+00
211968	5.7500000000000000e+02	0	7	18432	18442	18432	0.0000000000000000e+00	2.1701388888885731e-01	0.0000000000000000e+00	2.3416900605625317e+00
211968	5.7500000000000000e+02	0	7	18432	18443	18432	0.0000000000000000e+00	2.3871527777777146e-01	0.0000000000000000e+00	2.2662853415248740e+00
211968	5.7500000000000000e+02	0	7	18432	18444	18432	0.0000000000000000e+00	2.6041666666662877e-01	0.0000000000000000e+00	2.1915109571267397e+00
211968	5.7500000000000000e+02	0	7	18432	18445	18432	0.0000000000000000e+00	2.8211805555554292e-01	0.0000000000000000e+00	2.1177026058316919e+00
211968	5.7500000000000000e+02	0	7	18432	18446	18432	0.0000000000000000e+00	3.0381944444445708e-01	0.0000000000000000e+00	2.0450942123021445e+00
211968	5.7500000000000000e+02	0	7	18432	18447	18432	0.0000000000000000e+00	3.2552083333331439e-01	0.0000000000000000e+00	1.9738563360449188e+00
211968	5.7500000000000000e+02	0	7	18432	18448	18432	0.0000000000000000e+00	3.4722222222222854e-01	0.0000000000000000e+00	1.9041163546220412e+00
211968	5.7500000000000000e+02	0	7	18432	18449	18432	0.0000000000000000e+00	3.6892361111108585e-01	0.0000000000000000e+00	1.8359713171829370e+00
211968	5.7500000000000000e+02	0	7	18432	18450	18432	0.0000000000000000e+00	3.9062500000000000e-01	0.0000000000000000e+00	1.7694945109264362e+00
211968	5.7500000000000000e+02	0	7	18432	18451	18432	0.0000000000000000e+00	4.1232638888885731e-01	0.0000000000000000e+00	1.7047397226414083e+00
211968	5.7500000000000000e+02	0	7	18432	18452	18432	0.0000000000000000e+00	4.3402777777777146e-01	0.0000000000000000e+00	1.6417444994886208e+00
211968	5.7500000000000000e+02	0	7	18432	18453	18432	0.0000000000000000e+00	4.5572916666662877e-01	0.0000000000000000e+00	1.5805327038818309e+00
211968	5.7500000000000000e+02	0	7	18432	18454	18432	0.0000000000000000e+00	4.7743055555554292e-01	0.0000000000000000e+00	1.5211167365656877e+00
211968	5.7500000000000000e+02	0	7	18432	18455	18432	0.0000000000000000e+00	4.9913194444445708e-01	0.0000000000000000e+00	1.4634993711177677e+00
211968	5.7500000000000000e+02	0	7	18432	18456	18432	0.0000000000000000e+00	5.2083333333331439e-01	0.0000000000000000e+00	1.4076752537107109e+00
211968	5.7500000000000000e+02	0	7	18432	18457	18432	0.0000000000000000e+00	5.4253472222222854e-01	0.0000000000000000e+00	1.3536321634918442e+00
211968	5.7500000000000000e+02	0	7	18432	18458	18432	0.0000000000000000e+00	5.6423611111108585e-01	0.0000000000000000e+00	1.3013520896142243e+00
211968	5.7500000000000000e+02	0	7	18432	18459	18432	0.0000000000000000e+00	5.8593750000000000e-01	0.0000000000000000e+00	1.2508121552015083e+00
211968	5.7500000000000000e+02	0	7	18432	18460	18432	0.0000000000000000e+00	6.0763888888885731e-01	0.0000000000000000e+00	1.2019854149177496e+00
211968	5.7500000000000000e+02	0	7	18432	18461	18432	0.0000000000000000e+00	6.2934027777777146e-01	0.0000000000000000e+00	1.1548415466594857e+00
211968	5.7500000000000000e+02	0	7	18432	18462	18432	0.0000000000000000e+00	6.5104166666662877e-01	0.0000000000000000e+00	1.1093474518947324e+00
211968	5.7500000000000000e+02	0	7	18432	18463	18432	0.0000000000000000e+00	6.7274305555554292e-01	0.0000000000000000e+00	1.0654677772109682e+00
211968	5.7500000000000000e+02	0	7	18432	18464	18432	0.0000000000000000e+00	6.9444444444445708e-01	0.0000000000000000e+00	1.0231653687320450e+00
211968	5.7500000000000000e+02	0	7	18432	18465	18432	0.0000000000000000e+00	7.1614583333331439e-01	0.0000000000000000e+00	9.8240166866228917e-01
211968	5.7500000000000000e+02	0	7	18432	18466	18432	0.0000000000000000e+00	7.3784722222222854e-01	0.0000000000000000e+00	9.4313706126405417e-01
211968	5.7500000000000000e+02	0	7	18432	18467	18432	0.0000000000000000e+00	7.5954861111108585e-01	0.0000000000000000e+00	9.0533117402118080e-01
211968	5.7500000000000000e+02	0	7	18432	18468	18432	0.0000000000000000e+00	7.8125000000000000e-01	0.0000000000000000e+00	8.6894313931076983e-01
211968	5.7500000000000000e+02	0	7	18432	18469	18432	0.0000000000000000e+00	8.0295138888885731e-01	0.0000000000000000e+00	8.3393182155741030e-01
211968	5.7500000000000000e+02	0	7	18432	18470	18432	0.0000000000000000e+00	8.2465277777777146e-01	0.0000000000000000e+00	8.0025601414332304e-01
211968	5.7500000000000000e+02	0	7	18432	18471	18432	0.0000000000000000e+00	8.4635416666662877e-01	0.0000000000000000e+00	7.6787460971528620e-01
211968	5.7500000000000000e+02	0	7	18432	18472	18432	0.0000000000000000e+00	8.6805555555554292e-01	0.0000000000000000e+00	7.3674674734391910e-01
211968	5.7500000000000000e+02	0	7	18432	18473	18432	0.0000000000000000e+00	8.8975694444445708e-01	0.0000000000000000e+00	7.0683193879822093e-01
211968	5.7500000000000000e+02	0	7	18432	18474	18432	0.0000000000000000e+00	9.1145833333331439e-01	0.0000000000000000e+00	6.7809017611149769e-01
211968	5.7500000000000000e+02	0	7	18432	18475	18432	0.0000000000000000e+00	9.3315972222222854e-01	0.0000000000000000e+00	6.5048202898478735e-01
211968	5.7500000000000000e+02	0	7	18432	18476	18432	0.0000000000000000e+00	9.5486111111108585e-01	0.0000000000000000e+00	6.2396869710187342e-01
211968	5.7500000000000000e+02	0	7	18432	18477	18432	0.0000000000000000e+00	9.7656250000000000e-01	0.0000000000000000e+00	5.9851216491893144e-01
211968	5.7500000000000000e+02	0	7	18432	18478	18432	0.0000000000000000e+00	9.9826388888885731e-01	0.0000000000000000e+00	5.7407501962709773e-01
211968	5.7500000000000000e+02	0	7	18432	18479	18432	0.0000000000000000e+00	1.0199652777777715e+00	0.0000000000000000e+00	5.5062090253396301e-01
211968	5.7500000000000000e+02	0	7	18432	18480	18432	0.0000000000000000e+00	1.0416666666666288e+00	0.0000000000000000e+00	5.2811446577806553e-01
211968	5.7500000000000000e+02	0	7	18432	18481	18432	0.0000000000000000e+00	1.0633680555555429e+00	0.0000000000000000e+00	5.0651966509253754e-01
211968	5.7500000000000000e+02	0	7	18432	18482	18432	0.0000000000000000e+00	1.0850694444444571e+00	0.0000000000000000e+00	4.8580394059010673e-01
211968	5.7500000000000000e+02	0	7	18432	18483	18432	0.0000000000000000e+00	1.1067708333333144e+00	0.0000000000000000e+00	4.6593433060761935e-01
211968	5.7500000000000000e+02	0	7	18432	18484	18432	0.0000000000000000e+00	1.1284722222222285e+00	0.0000000000000000e+00	4.4687858118724838e-01
211968	5.7500000000000000e+02	0	7	18432	18485	18432	0.0000000000000000e+00	1.1501736111110858e+00	0.0000000000000000e+00	4.2860545901393282e-01
211968	5.7500000000000000e+02	0	7	18432	18486	18432	0.0000000000000000e+00	1.1718750000000000e+00	0.0000000000000000e+00	4.1108480551921056e-01
211968	5.7500000000000000e+02	0	7	18432	18487	18432	0.0000000000000000e+00	1.1935763888888573e+00	0.0000000000000000e+00	3.9428741205647178e-01
211968	5.7500000000000000e+02	0	7	18432	18488	18432	0.0000000000000000e+00	1.2152777777777715e+00	0.0000000000000000e+00	3.7818498069357265e-01
211968	5.7500000000000000e+02	0	7	18432	18489	18432	0.0000000000000000e+00	1.2369791666666288e+00	0.0000000000000000e+00	3.6275012165682191e-01
211968	5.7500000000000000e+02	0	7	18432	18490	18432	0.0000000000000000e+00	1.2586805555555429e+00	0.0000000000000000e+00	3.4795634675463116e-01
211968	5.7500000000000000e+02	0	7	18432	18491	18432	0.0000000000000000e+00	1.2803819444444571e+00	0.0000000000000000e+00	3.3377805843456709e-01
211968	5.7500000000000000e+02	0	7	18432	18492	18432	0.0000000000000000e+00	1.3020833333333144e+00	0.0000000000000000e+00	3.2019053611847770e-01
211968	5.7500000000000000e+02	0	7	18432	18493	18432	0.0000000000000000e+00	1.3237847222222285e+00	0.0000000000000000e+00	3.0716992069639992e-01
211968	5.7500000000000000e+02	0	7	18432	18494	18432	0.0000000000000000e+00	1.3454861111110858e+00	0.0000000000000000e+00	2.9469319766500324e-01
211968	5.7500000000000000e+02	0	7	18432	18495	18432	0.0000000000000000e+00	1.3671875000000000e+00	0.0000000000000000e+00	2.8273817921227429e-01
211968	5.7500000000000000e+02	0	7	18432	18496	18432	0.0000000000000000e+00	1.3888888888888573e+00	0.0000000000000000e+00	2.7128348543623071e-01
211968	5.7500000000000000e+02	0	7	18432	18497	18432	0.0000000000000000e+00	1.4105902777777715e+00	0.0000000000000000e+00	2.6030852489678774e-01
211968	5.7500000000000000e+02	0	7	18432	18498	18432	0.0000000000000000e+00	1.4322916666666288e+00	0.0000000000000000e+00	2.4979347460887635e-01
211968	5.7500000000000000e+02	0	7	18432	18499	18432	0.0000000000000000e+00	1.4539930555555429e+00	0.0000000000000000e+00	2.3971925957221227e-01
211968	5.7500000000000000e+02	0	7	18432	18500	18432	0.0000000000000000e+00	1.4756944444444571e+00	0.0000000000000000e+00	2.3006753220897203e-01
211968	5.7500000000000000e+02	0	7	18432	18501	18432	0.0000000000000000e+00	1.4973958333333144e+00	0.0000000000000000e+00	2.2082065138590640e-01
211968	5.7500000000000000e+02	0	7	18432	18502	18432	0.0000000000000000e+00	1.5190972222222285e+00	0.0000000000000000e+00	2.1196166153554791e-01
211968	5.7500000000000000e+02	0	7	18432	18503	18432	0.0000000000000000e+00	1.5407986111110858e+00	0.0000000000000000e+00	2.0347427173006383e-01
211968	5.7500000000000000e+02	0	7	18432	18504	18432	0.0000000000000000e+00	1.5625000000000000e+00	0.0000000000000000e+00	1.9534283481056997e-01
211968	5.7500000000000000e+02	0	7	18432	18505	18432	0.0000000000000000e+00	1.5842013888888573e+00	0.0000000000000000e+00	1.8755232667457092e-01
211968	5.7500000000000000e+02	0	7	18432	18506	18432	0.0000000000000000e+00	1.6059027777777715e+00	0.0000000000000000e+00	1.8008832581728662e-01
211968	5.7500000000000000e+02	0	7	18432	18507	18432	0.0000000000000000e+00	1.6276041666666288e+00	0.0000000000000000e+00	1.7293699301692717e-01
211968	5.7500000000000000e+02	0	7	18432	18508	18432	0.0000000000000000e+00	1.6493055555555429e+00	0.0000000000000000e+00	1.6608505145820512e-01
211968	5.7500000000000000e+02	0	7	18432	18509	18432	0.0000000000000000e+00	1.6710069444444571e+00	0.0000000000000000e+00	1.5951976703541279e-01
211968	5.7500000000000000e+02	0	7	18432	18510	18432	0.0000000000000000e+00	1.6927083333333144e+00	0.0000000000000000e+00	1.5322892914522643e-01
211968	5.7500000000000000e+02	0	7	18432	18511	18432	0.0000000000000000e+00	1.7144097222222285e+00	0.0000000000000000e+00	1.4720083181418941e-01
211968	5.7500000000000000e+02	0	7	18432	18512	18432	0.0000000000000000e+00	1.7361111111110858e+00	0.0000000000000000e+00	1.4142425519461185e-01
211968	5.7500000000000000e+02	0	7	18432	18513	18432	0.0000000000000000e+00	1.7578125000000000e+00	0.0000000000000000e+00	1.3588844763140590e-01
211968	5.7500000000000000e+02	0	7	18432	18514	18432	0.0000000000000000e+00	1.7795138888888573e+00	0.0000000000000000e+00	1.3058310800782141e-01
211968	5.7500000000000000e+02	0	7	18432	18515	18432	0.0000000000000000e+00	1.8012152777777715e+00	0.0000000000000000e+00	1.2549836866781783e-01
211968	5.7500000000000000e+02	0	7	18432	18516	18432	0.0000000000000000e+00	1.8229166666666288e+00	0.0000000000000000e+00	1.2062477874486630e-01
211968	5.7500000000000000e+02	0	7	18432	18517	18432	0.0000000000000000e+00	1.8446180555555429e+00	0.0000000000000000e+00	1.1595328800873368e-01
211968	5.7500000000000000e+02	0	7	18432	18518	18432	0.0000000000000000e+00	1.8663194444444571e+00	0.0000000000000000e+00	1.1147523109920081e-01
211968	5.7500000000000000e+02	0	7	18432	18519	18432	0.0000000000000000e+00	1.8880208333333144e+00	0.0000000000000000e+00	1.0718231237547135e-01
211968	5.7500000000000000e+02	0	7	18432	18520	18432	0.0000000000000000e+00	1.9097222222222285e+00	0.0000000000000000e+00	1.0306659110321166e-01
211968	5.7500000000000000e+02	0	7	18432	18521	18432	0.0000000000000000e+00	1.9314236111110858e+00	0.0000000000000000e+00	9.9120467178637844e-02
211968	5.7500000000000000e+02	0	7	18432	18522	18432	0.0000000000000000e+00	1.9531250000000000e+00	0.0000000000000000e+00	9.5336667297519107e-02
211968	5.7500000000000000e+02	0	7	18432	18523	18432	0.0000000000000000e+00	1.9748263888888573e+00	0.0000000000000000e+00	9.1708231890249431e-02
211968	5.7500000000000000e+02	0	7	18432	18524	18432	0.0000000000000000e+00	1.9965277777777715e+00	0.0000000000000000e+00	8.8228501445986818e-02
211968	5.7500000000000000e+02	0	7	18432	18525	18432	0.0000000000000000e+00	2.0182291666666288e+00	0.0000000000000000e+00	8.4891104835405434e-02
211968	5.7500000000000000e+02	0	7	18432	18526	18432	0.0000000000000000e+00	2.0399305555555429e+00	0.0000000000000000e+00	8.1689951494457208e-02
211968	5.7500000000000000e+02	0	7	18432	18527	18432	0.0000000000000000e+00	2.0616319444444571e+00	0.0000000000000000e+00	7.8619183416802255e-02
211968	5.7500000000000000e+02	0	7	18432	18528	18432	0.0000000000000000e+00	2.0833333333333144e+00	0.0000000000000000e+00	7.5673324891384536e-02
211968	5.7500000000000000e+02	0	7	18432	18529	18432	0.0000000000000000e+00	2.1050347222222285e+00	0.0000000000000000e+00	8.2490165603533228e-01
211968	5.7500000000000000e+02	0	7	18432	18530	18432	0.0000000000000000e+00	2.1267361111110858e+00	0.0000000000000000e+00	8.2456550631715320e-01
211968	5.7500000000000000e+02	0	7	18432	18531	18432	0.0000000000000000e+00	2.1484375000000000e+00	0.0000000000000000e+00	8.2423440766281797e-01
211968	5.7500000000000000e+02	0	7	18432	18532	18432	0.0000000000000000e+00	2.1701388888888573e+00	0.0000000000000000e+00	8.2390849004868627e-01
211968	5.7500000000000000e+02	0	8	36864	36764	36864	0.0000000000000000e+00	-1.0850694444444571e+00	0.0000000000000000e+00	-1.5137222203956987e-08
211968	5.7500000000000000e+02	0	8	36864	36765	36864	0.0000000000000000e+00	-1.0742187500000000e+00	0.0000000000000000e+00	4.7170737113917340e-08
211968	5.7500000000000000e+02	0	8	36864	36766	36864	0.0000000000000000e+00	-1.0633680555555429e+00	0.0000000000000000e+00	8.9366784391866960e-01
211968	5.7500000000000000e+02	0	8	36864	36767	36864	0.0000000000000000e+00	-1.0525173611111427e+00	0.0000000000000000e+00	8.8959085691332551e-01
211968	5.7500000000000000e+02	0	8	36864	36768	36864	0.0000000000000000e+00	-1.0416666666666856e+00	0.0000000000000000e+00	5.2811540693142123e-01
211968	5.7500000000000000e+02	0	8	36864	36769	36864	0.0000000000000000e+00	-1.0308159722222285e+00	0.0000000000000000e+00	5.3925156271760444e-01
211968	5.7500000000000000e+02	0	8	36864	36770	36864	0.0000000000000000e+00	-1.0199652777777715e+00	0.0000000000000000e+00	5.5062082591537376e-01
211968	5.7500000000000000e+02	0	8	36864	36771	36864	0.0000000000000000e+00	-1.0091145833333712e+00	0.0000000000000000e+00	5.6222725580596000e-01
211968	5.7500000000000000e+02	0	8	36864	36772	36864	0.0000000000000000e+00	-9.9826388888891415e-01	0.0000000000000000e+00	5.7407505558729643e-01
211968	5.7500000000000000e+02	0	8	36864	36773	36864	0.0000000000000000e+00	-9.8741319444445708e-01	0.0000000000000000e+00	5.8616851135409687e-01
211968	5.7500000000000000e+02	0	8	36864	36774	36864	0.0000000000000000e+00	-9.7656250000000000e-01	0.0000000000000000e+00	5.9851216366002769e-01
211968	5.7500000000000000e+02	0	8	36864	36775	36864	0.0000000000000000e+00	-9.6571180555554292e-01	0.0000000000000000e+00	6.1111067823605325e-01
211968	5.7500000000000000e+02	0	8	36864	36776	36864	0.0000000000000000e+00	-9.5486111111114269e-01	0.0000000000000000e+00	6.2396870785423975e-01
211968	5.7500000000000000e+02	0	8	36864	36777	36864	0.0000000000000000e+00	-9.4401041666668561e-01	0.0000000000000000e+00	6.3709091886673286e-01
211968	5.7500000000000000e+02	0	8	36864	36778	36864	0.0000000000000000e+00	-9.3315972222222854e-01	0.0000000000000000e+00	6.5048203737897525e-01
211968	5.7500000000000000e+02	0	8	36864	36779	36864	0.0000000000000000e+00	-9.2230902777777146e-01	0.0000000000000000e+00	6.6414684929392065e-01
211968	5.7500000000000000e+02	0	8	36864	36780	36864	0.0000000000000000e+00	-9.1145833333337123e-01	0.0000000000000000e+00	6.7809018526386855e-01
211968	5.7500000000000000e+02	0	8	36864	36781	36864	0.0000000000000000e+00	-9.0060763888891415e-01	0.0000000000000000e+00	6.9231691511557070e-01
211968	5.7500000000000000e+02	0	8	36864	36782	36864	0.0000000000000000e+00	-8.8975694444445708e-01	0.0000000000000000e+00	7.0683194843154573e-01
211968	5.7500000000000000e+02	0	8	36864	36783	36864	0.0000000000000000e+00	-8.7890625000000000e-01	0.0000000000000000e+00	7.2164023409545319e-01
211968	5.7500000000000000e+02	0	8	36864	36784	36864	0.0000000000000000e+00	-8.6805555555554292e-01	0.0000000000000000e+00	7.3674675738908568e-01
211968	5.7500000000000000e+02	0	8	36864	36785	36864	0.0000000000000000e+00	-8.5720486111114269e-01	0.0000000000000000e+00	7.5215653667991589e-01
211968	5.7500000000000000e+02	0	8	36864	36786	36864	0.0000000000000000e+00	-8.4635416666668561e-01	0.0000000000000000e+00	7.6787462030333897e-01
211968	5.7500000000000000e+02	0	8	36864	36787	36864	0.0000000000000000e+00	-8.3550347222222854e-01	0.0000000000000000e+00	7.8390608355947278e-01
211968	5.7500000000000000e+02	0	8	36864	36788	36864	0.0000000000000000e+00	-8.2465277777777146e-01	0.0000000000000000e+00	8.0025602529119233e-01
211968	5.7500000000000000e+02	0	8	36864	36789	36864	0.0000000000000000e+00	-8.1380208333337123e-01	0.0000000000000000e+00	8.1692956387330673e-01
211968	5.7500000000000000e+02	0	8	36864	36790	36864	0.0000000000000000e+00	-8.0295138888891415e-01	0.0000000000000000e+00	8.3393183332900267e-01
211968	5.7500000000000000e+02	0	8	36864	36791	36864	0.0000000000000000e+00	-7.9210069444445708e-01	0.0000000000000000e+00	8.5126797880198302e-01
211968	5.7500000000000000e+02	0	8	36864	36792	36864	0.0000000000000000e+00	-7.8125000000000000e-01	0.0000000000000000e+00	8.6894315180685899e-01
211968	5.7500000000000000e+02	0	8	36864	36793	36864	0.0000000000000000e+00	-7.7039930555554292e-01	0.0000000000000000e+00	8.8696250514079866e-01
211968	5.7500000000000000e+02	0	8	36864	36794	36864	0.0000000000000000e+00	-7.5954861111114269e-01	0.0000000000000000e+00	9.0533118736614859e-01
211968	5.7500000000000000e+02	0	8	36864	36795	36864	0.0000000000000000e+00	-7.4869791666668561e-01	0.0000000000000000e+00	9.2405433689959915e-01
211968	5.7500000000000000e+02	0	8	36864	36796	36864	0.0000000000000000e+00	-7.3784722222222854e-01	0.0000000000000000e+00	9.4313707563055171e-01
211968	5.7500000000000000e+02	0	8	36864	36797	36864	0.0000000000000000e+00	-7.2699652777777146e-01	0.0000000000000000e+00	9.6258450213037605e-01
211968	5.7500000000000000e+02	0	8	36864	36798	36864	0.0000000000000000e+00	-7.1614583333337123e-01	0.0000000000000000e+00	9.8240168427309305e-01
211968	5.7500000000000000e+02	0	8	36864	36799	36864	0.0000000000000000e+00	-7.0529513888891415e-01	0.0000000000000000e+00	1.0025936514236173e+00
211968	5.7500000000000000e+02	0	8	36864	36800	36864	0.0000000000000000e+00	-6.9444444444445708e-01	0.0000000000000000e+00	1.0231653859299885e+00
211968	5.7500000000000000e+02	0	8	36864	36801	36864	0.0000000000000000e+00	-6.8359375000000000e-01	0.0000000000000000e+00	1.0441218140989432e+00
211968	5.7500000000000000e+02	0	8	36864	36802	36864	0.0000000000000000e+00	-6.7274305555554292e-01	0.0000000000000000e+00	1.0654677964924613e+00
211968	5.7500000000000000e+02	0	8	36864	36803	36864	0.0000000000000000e+00	-6.6189236111114269e-01	0.0000000000000000e+00	1.0872081174220911e+00
211968	5.7500000000000000e+02	0	8	36864	36804	36864	0.0000000000000000e+00	-6.5104166666668561e-01	0.0000000000000000e+00	1.1093474739456608e+00
211968	5.7500000000000000e+02	0	8	36864	36805	36864	0.0000000000000000e+00	-6.4019097222222854e-01	0.0000000000000000e+00	1.1318904637548106e+00
211968	5.7500000000000000e+02	0	8	36864	36806	36864	0.0000000000000000e+00	-6.2934027777777146e-01	0.0000000000000000e+00	1.1548415725309313e+00
211968	5.7500000000000000e+02	0	8	36864	36807	36864	0.0000000000000000e+00	-6.1848958333337123e-01	0.0000000000000000e+00	1.1782051601742105e+00
211968	5.7500000000000000e+02	0	8	36864	36808	36864	0.0000000000000000e+00	-6.0763888888891415e-01	0.0000000000000000e+00	1.2019854462025203e+00
211968	5.7500000000000000e+02	0	8	36864	36809	36864	0.0000000000000000e+00	-5.9678819444445708e-01	0.0000000000000000e+00	1.2261864940590312e+00
211968	5.7500000000000000e+02	0	8	36864	36810	36864	0.0000000000000000e+00	-5.8593750000000000e-01	0.0000000000000000e+00	1.2508121943481643e+00
211968	5.7500000000000000e+02	0	8	36864	36811	36864	0.0000000000000000e+00	-5.7508680555554292e-01	0.0000000000000000e+00	1.2758662466732225e+00
211968	5.7500000000000000e+02	0	8	36864	36812	36864	0.0000000000000000e+00	-5.6423611111114269e-01	0.0000000000000000e+00	1.3013521404224555e+00
211968	5.7500000000000000e+02	0	8	36864	36813	36864	0.0000000000000000e+00	-5.5338541666668561e-01	0.0000000000000000e+00	1.3272731338614743e+00
211968	5.7500000000000000e+02	0	8	36864	36814	36864	0.0000000000000000e+00	-5.4253472222222854e-01	0.0000000000000000e+00	1.3536322319384899e+00
211968	5.7500000000000000e+02	0	8	36864	36815	36864	0.0000000000000000e+00	-5.3168402777777146e-01	0.0000000000000000e+00	1.3804321622662092e+00
211968	5.7500000000000000e+02	0	8	36864	36816	36864	0.0000000000000000e+00	-5.2083333333337123e-01	0.0000000000000000e+00	1.4076753494486005e+00
211968	5.7500000000000000e+02	0	8	36864	36817	36864	0.0000000000000000e+00	-5.0998263888891415e-01	0.0000000000000000e+00	1.4353638874585857e+00
211968	5.7500000000000000e+02	0	8	36864	36818	36864	0.0000000000000000e+00	-4.9913194444445708e-01	0.0000000000000000e+00	1.4634995098939525e+00
211968	5.7500000000000000e+02	0	8	36864	36819	36864	0.0000000000000000e+00	-4.8828125000000000e-01	0.0000000000000000e+00	1.4920835577175566e+00
211968	5.7500000000000000e+02	0	8	36864	36820	36864	0.0000000000000000e+00	-4.7743055555554292e-01	0.0000000000000000e+00	1.5211169446393344e+00
211968	5.7500000000000000e+02	0	8	36864	36821	36864	0.0000000000000000e+00	-4.6657986111114269e-01	0.0000000000000000e+00	1.5506001194913011e+00
211968	5.7500000000000000e+02	0	8	36864	36822	36864	0.0000000000000000e+00	-4.5572916666668561e-01	0.0000000000000000e+00	1.5805330258048820e+00
211968	5.7500000000000000e+02	0	8	36864	36823	36864	0.0000000000000000e+00	-4.4487847222222854e-01	0.0000000000000000e+00	1.6109150579259373e+00
211968	5.7500000000000000e+02	0	8	36864	36824	36864	0.0000000000000000e+00	-4.3402777777777146e-01	0.0000000000000000e+00	1.6417450127810373e+00
211968	5.7500000000000000e+02	0	8	36864	36825	36864	0.0000000000000000e+00	-4.2317708333337123e-01	0.0000000000000000e+00	1.6730210364530098e+00
211968	5.7500000000000000e+02	0	8	36864	36826	36864	0.0000000000000000e+00	-4.1232638888891415e-01	0.0000000000000000e+00	1.7047405650902132e+00
211968	5.7500000000000000e+02	0	8	36864	36827	36864	0.0000000000000000e+00	-4.0147569444445708e-01	0.0000000000000000e+00	1.7369002593702192e+00
211968	5.7500000000000000e+02	0	8	36864	36828	36864	0.0000000000000000e+00	-3.9062500000000000e-01	0.0000000000000000e+00	1.7694959329721389e+00
211968	5.7500000000000000e+02	0	8	36864	36829	36864	0.0000000000000000e+00	-3.7977430555554292e-01	0.0000000000000000e+00	1.8025224774826474e+00
211968	5.7500000000000000e+02	0	8	36864	36830	36864	0.0000000000000000e+00	-3.6892361111114269e-01	0.0000000000000000e+00	1.8359737863133678e+00
211968	5.7500000000000000e+02	0	8	36864	36831	36864	0.0000000000000000e+00	-3.5807291666668561e-01	0.0000000000000000e+00	1.8698426723478656e+00
211968	5.7500000000000000e+02	0	8	36864	36832	36864	0.0000000000000000e+00	-3.4722222222222854e-01	0.0000000000000000e+00	1.9041207662743114e+00
211968	5.7500000000000000e+02	0	8	36864	36833	36864	0.0000000000000000e+00	-3.3637152777777146e-01	0.0000000000000000e+00	1.9387983951631456e+00
211968	5.7500000000000000e+02	0	8	36864	36834	36864	0.0000000000000000e+00	-3.2552083333337123e-01	0.0000000000000000e+00	1.9738644622153669e+00
211968	5.7500000000000000e+02	0	8	36864	36835	36864	0.0000000000000000e+00	-3.1467013888891415e-01	0.0000000000000000e+00	2.0093063280015055e+00
211968	5.7500000000000000e+02	0	8	36864	36836	36864	0.0000000000000000e+00	-3.0381944444445708e-01	0.0000000000000000e+00	2.0451096384887704e+00
211968	5.7500000000000000e+02	0	8	36864	36837	36864	0.0000000000000000e+00	-2.9296875000000000e-01	0.0000000000000000e+00	2.0812580481728098e+00
211968	5.7500000000000000e+02	0	8	36864	36838	36864	0.0000000000000000e+00	-2.8211805555554292e-01	0.0000000000000000e+00	2.1177328344305577e+00
211968	5.7500000000000000e+02	0	8	36864	36839	36864	0.0000000000000000e+00	-2.7126736111114269e-01	0.0000000000000000e+00	2.1545124178921511e+00
211968	5.7500000000000000e+02	0	8	36864	36840	36864	0.0000000000000000e+00	-2.6041666666668561e-01	0.0000000000000000e+00	2.1915720000193248e+00
211968	5.7500000000000000e+02	0	8	36864	36841	36864	0.0000000000000000e+00	-2.4956597222222854e-01	0.0000000000000000e+00	2.2288833955928586e+00
211968	5.7500000000000000e+02	0	8	36864	36842	36864	0.0000000000000000e+00	-2.3871527777777146e-01	0.0000000000000000e+00	2.2664135018168690e+00
211968	5.7500000000000000e+02	0	8	36864	36843	36864	0.0000000000000000e+00	-2.2786458333337123e-01	0.0000000000000000e+00	2.3041210314929801e+00
211968	5.7500000000000000e+02	0	8	36864	36844	36864	0.0000000000000000e+00	-2.1701388888891415e-01	0.0000000000000000e+00	2.3419578919159250e+00
211968	5.7500000000000000e+02	0	8	36864	36845	36864	0.0000000000000000e+00	-2.0616319444445708e-01	0.0000000000000000e+00	2.3798703488307771e+00
211968	5.7500000000000000e+02	0	8	36864	36846	36864	0.0000000000000000e+00	-1.9531250000000000e-01	0.0000000000000000e+00	2.4177729749207053e+00
211968	5.7500000000000000e+02	0	8	36864	36847	36864	0.0000000000000000e+00	-1.8446180555554292e-01	0.0000000000000000e+00	2.4555340877221319e+00
211968	5.7500000000000000e+02	0	8	36864	36848	36864	0.0000000000000000e+00	-1.7361111111114269e-01	0.0000000000000000e+00	2.4930514080138266e+00
211968	5.7500000000000000e+02	0	8	36864	36849	36864	0.0000000000000000e+00	-1.6276041666668561e-01	0.0000000000000000e+00	2.5301886322813729e+00
211968	5.7500000000000000e+02	0	8	36864	36850	36864	0.0000000000000000e+00	-1.5190972222222854e-01	0.0000000000000000e+00	2.5663948537103014e+00
211968	5.7500000000000000e+02	0	8	36864	36851	36864	0.0000000000000000e+00	-1.4105902777777146e-01	0.0000000000000000e+00	2.6010136754907833e+00
211968	5.7500000000000000e+02	0	8	36864	36852	36864	0.0000000000000000e+00	-1.3020833333337123e-01	0.0000000000000000e+00	2.6344086916056462e+00
211968	5.7500000000000000e+02	0	8	36864	36853	36864	0.0000000000000000e+00	-1.1935763888891415e-01	0.0000000000000000e+00	2.6659425408427606e+00
211968	5.7500000000000000e+02	0	8	36864	36854	36864	0.0000000000000000e+00	-1.0850694444445708e-01	0.0000000000000000e+00	2.6893629338696945e+00
211968	5.7500000000000000e+02	0	8	36864	36855	36864	0.0000000000000000e+00	-9.7656250000000000e-02	0.0000000000000000e+00	2.6991575459551393e+00
211968	5.7500000000000000e+02	0	8	36864	36856	36864	0.0000000000000000e+00	-8.6805555555542924e-02	0.0000000000000000e+00	2.7064182194464372e+00
211968	5.7500000000000000e+02	0	8	36864	36857	36864	0.0000000000000000e+00	-7.5954861111142691e-02	0.0000000000000000e+00	2.7239636501250835e+00
211968	5.7500000000000000e+02	0	8	36864	36858	36864	0.0000000000000000e+00	-6.5104166666685614e-02	0.0000000000000000e+00	2.7145748833445653e+00
211968	5.7500000000000000e+02	0	8	36864	36859	36864	0.0000000000000000e+00	-5.4253472222228538e-02	0.0000000000000000e+00	2.6084606162213921e+00
211968	5.7500000000000000e+02	0	8	36864	36860	36864	0.0000000000000000e+00	-4.3402777777771462e-02	0.0000000000000000e+00	2.4392557863694204e+00
211968	5.7500000000000000e+02	0	8	36864	36861	36864	0.0000000000000000e+00	-3.2552083333371229e-02	0.0000000000000000e+00	2.4768012116450313e+00
211968	5.7500000000000000e+02	0	8	36864	36862	36864	0.0000000000000000e+00	-2.1701388888914153e-02	0.0000000000000000e+00	3.0447511523624948e+00
211968	5.7500000000000000e+02	0	8	36864	36863	36864	0.0000000000000000e+00	-1.0850694444457076e-02	0.0000000000000000e+00	3.9366049842951107e+00
211968	5.7500000000000000e+02	0	8	36864	36864	36864	0.0000000000000000e+00	0.0000000000000000e+00	0.0000000000000000e+00	4.3894342402857571e+00
211968	5.7500000000000000e+02	0	8	36864	36865	36864	0.0000000000000000e+00	1.0850694444457076e-02	0.0000000000000000e+00	3.9366045261695275e+00
211968	5.7500000000000000e+02	0	8	36864	36866	36864	0.0000000000000000e+00	2.1701388888857309e-02	0.0000000000000000e+00	3.0447508935203080e+00
211968	5.7500000000000000e+02	0	8	36864	36867	36864	0.0000000000000000e+00	3.2552083333314386e-02	0.0000000000000000e+00	2.4768013950331986e+00
211968	5.7500000000000000e+02	0	8	36864	36868	36864	0.0000000000000000e+00	4.3402777777771462e-02	0.0000000000000000e+00	2.4392560567763142e+00
211968	5.7500000000000000e+02	0	8	36864	36869	36864	0.0000000000000000e+00	5.4253472222228538e-02	0.0000000000000000e+00	2.6084606821792988e+00
211968	5.7500000000000000e+02	0	8	36864	36870	36864	0.0000000000000000e+00	6.5104166666628771e-02	0.0000000000000000e+00	2.7145747974446963e+00
211968	5.7500000000000000e+02	0	8	36864	36871	36864	0.0000000000000000e+00	7.5954861111085847e-02	0.0000000000000000e+00	2.7239635866073129e+00
211968	5.7500000000000000e+02	0	8	36864	36872	36864	0.0000000000000000e+00	8.6805555555542924e-02	0.0000000000000000e+00	2.7064182344592833e+00
211968	5.7500000000000000e+02	0	8	36864	36873	36864	0.0000000000000000e+00	9.7656250000000000e-02	0.0000000000000000e+00	2.6991575721766443e+00
211968	5.7500000000000000e+02	0	8	36864	36874	36864	0.0000000000000000e+00	1.0850694444445708e-01	0.0000000000000000e+00	2.6893629254906664e+00
211968	5.7500000000000000e+02	0	8	36864	36875	36864	0.0000000000000000e+00	1.1935763888885731e-01	0.0000000000000000e+00	2.6659425137195338e+00
211968	5.7500000000000000e+02	0	8	36864	36876	36864	0.0000000000000000e+00	1.3020833333331439e-01	0.0000000000000000e+00	2.6344086678951468e+00
211968	5.7500000000000000e+02	0	8	36864	36877	36864	0.0000000000000000e+00	1.4105902777777146e-01	0.0000000000000000e+00	2.6010136555604930e+00
211968	5.7500000000000000e+02	0	8	36864	36878	36864	0.0000000000000000e+00	1.5190972222222854e-01	0.0000000000000000e+00	2.5663948319314471e+00
211968	5.7500000000000000e+02	0	8	36864	36879	36864	0.0000000000000000e+00	1.6276041666662877e-01	0.0000000000000000e+00	2.5301886085368204e+00
211968	5.7500000000000000e+02	0	8	36864	36880	36864	0.0000000000000000e+00	1.7361111111108585e-01	0.0000000000000000e+00	2.4930513840281554e+00
211968	5.7500000000000000e+02	0	8	36864	36881	36864	0.0000000000000000e+00	1.8446180555554292e-01	0.0000000000000000e+00	2.4555340637943539e+00
211968	5.7500000000000000e+02	0	8	36864	36882	36864	0.0000000000000000e+00	1.9531250000000000e-01	0.0000000000000000e+00	2.4177729508521182e+00
211968	5.7500000000000000e+02	0	8	36864	36883	36864	0.0000000000000000e+00	2.0616319444445708e-01	0.0000000000000000e+00	2.3798703246853856e+00
211968	5.7500000000000000e+02	0	8	36864	36884	36864	0.0000000000000000e+00	2.1701388888885731e-01	0.0000000000000000e+00	2.3419578678037922e+00
211968	5.7500000000000000e+02	0	8	36864	36885	36864	0.0000000000000000e+00	2.2786458333331439e-01	0.0000000000000000e+00	2.3041210074482859e+00
211968	5.7500000000000000e+02	0	8	36864	36886	36864	0.0000000000000000e+00	2.3871527777777146e-01	0.0000000000000000e+00	2.2664134778744396e+00
211968	5.7500000000000000e+02	0	8	36864	36887	36864	0.0000000000000000e+00	2.4956597222222854e-01	0.0000000000000000e+00	2.2288833717874894e+00
211968	5.7500000000000000e+02	0	8	36864	36888	36864	0.0000000000000000e+00	2.6041666666662877e-01	0.0000000000000000e+00	2.1915719763773955e+00
211968	5.7500000000000000e+02	0	8	36864	36889	36864	0.0000000000000000e+00	2.7126736111108585e-01	0.0000000000000000e+00	2.1545123944250788e+00
211968	5.7500000000000000e+02	0	8	36864	36890	36864	0.0000000000000000e+00	2.8211805555554292e-01	0.0000000000000000e+00	2.1177328111484921e+00
211968	5.7500000000000000e+02	0	8	36864	36891	36864	0.0000000000000000e+00	2.9296875000000000e-01	0.0000000000000000e+00	2.0812580250856918e+00
211968	5.7500000000000000e+02	0	8	36864	36892	36864	0.0000000000000000e+00	3.0381944444445708e-01	0.0000000000000000e+00	2.0451096156148920e+00
211968	5.7500000000000000e+02	0	8	36864	36893	36864	0.0000000000000000e+00	3.1467013888885731e-01	0.0000000000000000e+00	2.0093063053465841e+00
211968	5.7500000000000000e+02	0	8	36864	36894	36864	0.0000000000000000e+00	3.2552083333331439e-01	0.0000000000000000e+00	1.9738644397968539e+00
211968	5.7500000000000000e+02	0	8	36864	36895	36864	0.0000000000000000e+00	3.3637152777777146e-01	0.0000000000000000e+00	1.9387983729873322e+00
211968	5.7500000000000000e+02	0	8	36864	36896	36864	0.0000000000000000e+00	3.4722222222222854e-01	0.0000000000000000e+00	1.9041207443481678e+00
211968	5.7500000000000000e+02	0	8	36864	36897	36864	0.0000000000000000e+00	3.5807291666662877e-01	0.0000000000000000e+00	1.8698426506764174e+00
211968	5.7500000000000000e+02	0	8	36864	36898	36864	0.0000000000000000e+00	3.6892361111108585e-01	0.0000000000000000e+00	1.8359737649043999e+00
211968	5.7500000000000000e+02	0	8	36864	36899	36864	0.0000000000000000e+00	3.7977430555554292e-01	0.0000000000000000e+00	1.8025224563472007e+00
211968	5.7500000000000000e+02	0	8	36864	36900	36864	0.0000000000000000e+00	3.9062500000000000e-01	0.0000000000000000e+00	1.7694959121204985e+00
211968	5.7500000000000000e+02	0	8	36864	36901	36864	0.0000000000000000e+00	4.0147569444445708e-01	0.0000000000000000e+00	1.7369002387924604e+00
211968	5.7500000000000000e+02	0	8	36864	36902	36864	0.0000000000000000e+00	4.1232638888885731e-01	0.0000000000000000e+00	1.7047405448035122e+00
211968	5.7500000000000000e+02	0	8	36864	36903	36864	0.0000000000000000e+00	4.2317708333331439e-01	0.0000000000000000e+00	1.6730210164358177e+00
211968	5.7500000000000000e+02	0	8	36864	36904	36864	0.0000000000000000e+00	4.3402777777777146e-01	0.0000000000000000e+00	1.6417449930400219e+00
211968	5.7500000000000000e+02	0	8	36864	36905	36864	0.0000000000000000e+00	4.4487847222222854e-01	0.0000000000000000e+00	1.6109150384765396e+00
211968	5.7500000000000000e+02	0	8	36864	36906	36864	0.0000000000000000e+00	4.5572916666662877e-01	0.0000000000000000e+00	1.5805330066284338e+00
211968	5.7500000000000000e+02	0	8	36864	36907	36864	0.0000000000000000e+00	4.6657986111108585e-01	0.0000000000000000e+00	1.5506001006043444e+00
211968	5.7500000000000000e+02	0	8	36864	36908	36864	0.0000000000000000e+00	4.7743055555554292e-01	0.0000000000000000e+00	1.5211169260252881e+00
211968	5.7500000000000000e+02	0	8	36864	36909	36864	0.0000000000000000e+00	4.8828125000000000e-01	0.0000000000000000e+00	1.4920835393961309e+00
211968	5.7500000000000000e+02	0	8	36864	36910	36864	0.0000000000000000e+00	4.9913194444445708e-01	0.0000000000000000e+00	1.4634994918535473e+00
211968	5.7500000000000000e+02	0	8	36864	36911	36864	0.0000000000000000e+00	5.0998263888885731e-01	0.0000000000000000e+00	1.4353638697054429e+00
211968	5.7500000000000000e+02	0	8	36864	36912	36864	0.0000000000000000e+00	5.2083333333331439e-01	0.0000000000000000e+00	1.4076753319815374e+00
211968	5.7500000000000000e+02	0	8	36864	36913	36864	0.0000000000000000e+00	5.3168402777777146e-01	0.0000000000000000e+00	1.3804321450991077e+00
211968	5.7500000000000000e+02	0	8	36864	36914	36864	0.0000000000000000e+00	5.4253472222222854e-01	0.0000000000000000e+00	1.3536322150553890e+00
211968	5.7500000000000000e+02	0	8	36864	36915	36864	0.0000000000000000e+00	5.5338541666662877e-01	0.0000000000000000e+00	1.3272731172611336e+00
211968	5.7500000000000000e+02	0	8	36864	36916	36864	0.0000000000000000e+00	5.6423611111108585e-01	0.0000000000000000e+00	1.3013521240924124e+00
211968	5.7500000000000000e+02	0	8	36864	36917	36864	0.0000000000000000e+00	5.7508680555554292e-01	0.0000000000000000e+00	1.2758662306282011e+00
211968	5.7500000000000000e+02	0	8	36864	36918	36864	0.0000000000000000e+00	5.8593750000000000e-01	0.0000000000000000e+00	1.2508121785694819e+00
211968	5.7500000000000000e+02	0	8	36864	36919	36864	0.0000000000000000e+00	5.9678819444445708e-01	0.0000000000000000e+00	1.2261864785709511e+00
211968	5.7500000000000000e+02	0	8	36864	36920	36864	0.0000000000000000e+00	6.0763888888885731e-01	0.0000000000000000e+00	1.2019854309723281e+00
211968	5.7500000000000000e+02	0	8	36864	36921	36864	0.0000000000000000e+00	6.1848958333331439e-01	0.0000000000000000e+00	1.1782051452034739e+00
211968	5.7500000000000000e+02	0	8	36864	36922	36864	0.0000000000000000e+00	6.2934027777777146e-01	0.0000000000000000e+00	1.1548415578196205e+00
211968	5.7500000000000000e+02	0	8	36864	36923	36864	0.0000000000000000e+00	6.4019097222222854e-01	0.0000000000000000e+00	1.1318904493047788e+00
211968	5.7500000000000000e+02	0	8	36864	36924	36864	0.0000000000000000e+00	6.5104166666662877e-01	0.0000000000000000e+00	1.1093474597446600e+00
211968	5.7500000000000000e+02	0	8	36864	36925	36864	0.0000000000000000e+00	6.6189236111108585e-01	0.0000000000000000e+00	1.0872081034857757e+00
211968	5.7500000000000000e+02	0	8	36864	36926	36864	0.0000000000000000e+00	6.7274305555554292e-01	0.0000000000000000e+00	1.0654677827901726e+00
211968	5.7500000000000000e+02	0	8	36864	36927	36864	0.0000000000000000e+00	6.8359375000000000e-01	0.0000000000000000e+00	1.0441218006560626e+00
211968	5.7500000000000000e+02	0	8	36864	36928	36864	0.0000000000000000e+00	6.9444444444445708e-01	0.0000000000000000e+00	1.0231653727436072e+00
211968	5.7500000000000000e+02	0	8	36864	36929	36864	0.0000000000000000e+00	7.0529513888885731e-01	0.0000000000000000e+00	1.0025936384731655e+00
211968	5.7500000000000000e+02	0	8	36864	36930	36864	0.0000000000000000e+00	7.1614583333331439e-01	0.0000000000000000e+00	9.8240167156747926e-01
211968	5.7500000000000000e+02	0	8	36864	36931	36864	0.0000000000000000e+00	7.2699652777777146e-01	0.0000000000000000e+00	9.6258448965471533e-01
211968	5.7500000000000000e+02	0	8	36864	36932	36864	0.0000000000000000e+00	7.3784722222222854e-01	0.0000000000000000e+00	9.4313706338552805e-01
211968	5.7500000000000000e+02	0	8	36864	36933	36864	0.0000000000000000e+00	7.4869791666662877e-01	0.0000000000000000e+00	9.2405432489501305e-01
211968	5.7500000000000000e+02	0	8	36864	36934	36864	0.0000000000000000e+00	7.5954861111108585e-01	0.0000000000000000e+00	9.0533117558992826e-01
211968	5.7500000000000000e+02	0	8	36864	36935	36864	0.0000000000000000e+00	7.7039930555554292e-01	0.0000000000000000e+00	8.8696249358648505e-01
211968	5.7500000000000000e+02	0	8	36864	36936	36864	0.0000000000000000e+00	7.8125000000000000e-01	0.0000000000000000e+00	8.6894314047693955e-01
211968	5.7500000000000000e+02	0	8	36864	36937	36864	0.0000000000000000e+00	7.9210069444445708e-01	0.0000000000000000e+00	8.5126796769018331e-01
211968	5.7500000000000000e+02	0	8	36864	36938	36864	0.0000000000000000e+00	8.0295138888885731e-01	0.0000000000000000e+00	8.3393182242713881e-01
211968	5.7500000000000000e+02	0	8	36864	36939	36864	0.0000000000000000e+00	8.1380208333331439e-01	0.0000000000000000e+00	8.1692955317447047e-01
211968	5.7500000000000000e+02	0	8	36864	36940	36864	0.0000000000000000e+00	8.2465277777777146e-01	0.0000000000000000e+00	8.0025601479849295e-01
211968	5.7500000000000000e+02	0	8	36864	36941	36864	0.0000000000000000e+00	8.3550347222222854e-01	0.0000000000000000e+00	7.8390607329933104e-01
211968	5.7500000000000000e+02	0	8	36864	36942	36864	0.0000000000000000e+00	8.4635416666662877e-01	0.0000000000000000e+00	7.6787461022590131e-01
211968	5.7500000000000000e+02	0	8	36864	36943	36864	0.0000000000000000e+00	8.5720486111108585e-01	0.0000000000000000e+00	7.5215652678003053e-01
211968	5.7500000000000000e+02	0	8	36864	36944	36864	0.0000000000000000e+00	8.6805555555554292e-01	0.0000000000000000e+00	7.3674674771049253e-01
211968	5.7500000000000000e+02	0	8	36864	36945	36864	0.0000000000000000e+00	8.7890625000000000e-01	0.0000000000000000e+00	7.2164022460210631e-01
211968	5.7500000000000000e+02	0	8	36864	36946	36864	0.0000000000000000e+00	8.8975694444445708e-01	0.0000000000000000e+00	7.0683193914398401e-01
211968	5.7500000000000000e+02	0	8	36864	36947	36864	0.0000000000000000e+00	9.0060763888885731e-01	0.0000000000000000e+00	6.9231690599433082e-01
211968	5.7500000000000000e+02	0	8	36864	36948	36864	0.0000000000000000e+00	9.1145833333331439e-01	0.0000000000000000e+00	6.7809017632269541e-01
211968	5.7500000000000000e+02	0	8	36864	36949	36864	0.0000000000000000e+00	9.2230902777777146e-01	0.0000000000000000e+00	6.6414684052247575e-01
211968	5.7500000000000000e+02	0	8	36864	36950	36864	0.0000000000000000e+00	9.3315972222222854e-01	0.0000000000000000e+00	6.5048202879151917e-01
211968	5.7500000000000000e+02	0	8	36864	36951	36864	0.0000000000000000e+00	9.4401041666662877e-01	0.0000000000000000e+00	6.3709091043398414e-01
211968	5.7500000000000000e+02	0	8	36864	36952	36864	0.0000000000000000e+00	9.5486111111108585e-01	0.0000000000000000e+00	6.2396869959837842e-01
211968	5.7500000000000000e+02	0	8	36864	36953	36864	0.0000000000000000e+00	9.6571180555554292e-01	0.0000000000000000e+00	6.1111067014437037e-01
211968	5.7500000000000000e+02	0	8	36864	36954	36864	0.0000000000000000e+00	9.7656250000000000e-01	0.0000000000000000e+00	5.9851215572864924e-01
211968	5.7500000000000000e+02	0	8	36864	36955	36864	0.0000000000000000e+00	9.8741319444445708e-01	0.0000000000000000e+00	5.8616850358017458e-01
211968	5.7500000000000000e+02	0	8	36864	36956	36864	0.0000000000000000e+00	9.9826388888885731e-01	0.0000000000000000e+00	5.7407504797578957e-01
211968	5.7500000000000000e+02	0	8	36864	36957	36864	0.0000000000000000e+00	1.0091145833333144e+00	0.0000000000000000e+00	5.6222724834688154e-01
211968	5.7500000000000000e+02	0	8	36864	36958	36864	0.0000000000000000e+00	1.0199652777777715e+00	0.0000000000000000e+00	5.5062081864147094e-01
211968	5.7500000000000000e+02	0	8	36864	36959	36864	0.0000000000000000e+00	1.0308159722222285e+00	0.0000000000000000e+00	5.3925155556729687e-01
211968	5.7500000000000000e+02	0	8	36864	36960	36864	0.0000000000000000e+00	1.0416666666666288e+00	0.0000000000000000e+00	5.2811539992275280e-01
211968	5.7500000000000000e+02	0	8	36864	36961	36864	0.0000000000000000e+00	1.0525173611110858e+00	0.0000000000000000e+00	0.0000000000000000e+00
211968	5.7500000000000000e+02	0	8	36864	36962	36864	0.0000000000000000e+00	1.0633680555555429e+00	0.0000000000000000e+00	4.0027667216487062e-01
211968	5.7500000000000000e+02	0	8	36864	36963	36864	0.0000000000000000e+00	1.0742187500000000e+00	0.0000000000000000e+00	9.8740554004864323e-01
211968	5.7500000000000000e+02	0	8	36864	36964	36864	0.0000000000000000e+00	1.0850694444444571e+00	0.0000000000000000e+00	4.0367748510910867e-01
